# -----------------------------------------------------------------------------
# TMdock - docking by full/partial structure alignment                V20160511
# -----------------------------------------------------------------------------
#          Date / time : 2020:06:09 / 12:58:44
#             Receptor : /home/pozzati/target_h/P09601-9-223
#               Ligand : /home/pozzati/target_c/orf3a.pdb
#       Templates list : /home/pozzati/TMdock_pipeline//templist
#        Templates dir : /home/pozzati/TMdock_pipeline//lib_P09601-9-223_orf3a
#  Number of templates : 6
#       Alignment type : PSA
#            Fast mode : off
#    Benchmarking mode : off
# -----------------------------------------------------------------------------
#
# Label                Score    TM-score1    TM-score2    FSC-score      iSeqID1      iSeqID2        dSASA         d_av       AACE18        SolEM     trgtLen1     trgtLen2    tmpltLen1    tmpltLen2      aliLen1      aliLen2         t[0]         t[1]         t[2]      u[0][0]      u[0][1]      u[0][2]      u[1][0]      u[1][1]      u[1][2]      u[2][0]      u[2][1]      u[2][2]
#
i1WZD_0B0A_12    8.57198e-03  2.01583e-01  7.67525e-02  4.39580e-01  3.33333e-01  1.45833e-01  4.94676e-03  2.01123e-01  5.87145e-02  2.18112e-02  2.15000e+02  2.75000e+02  2.07000e+02  2.09000e+02  4.50000e+01  4.80000e+01 -1.49946e+01 -1.91622e+01  3.69614e+01  6.08417e-01  4.39416e-01  6.60865e-01  7.62542e-01 -5.54425e-01 -3.33381e-01  2.19908e-01  7.06771e-01 -6.72395e-01
i1WZD_0B0A_12    8.57198e-03  2.01583e-01  7.67525e-02  4.39580e-01  3.33333e-01  1.45833e-01  4.94676e-03  2.01123e-01  5.87145e-02  2.18112e-02  2.15000e+02  2.75000e+02  2.07000e+02  2.09000e+02  4.50000e+01  4.80000e+01 -1.49946e+01 -1.91622e+01  3.69614e+01  6.08417e-01  4.39416e-01  6.60865e-01  7.62542e-01 -5.54425e-01 -3.33381e-01  2.19908e-01  7.06771e-01 -6.72395e-01
i2Q32_0B0A_12    5.11612e-03  2.78231e-01  1.32401e-01  1.55011e-01  4.91803e-01  5.63380e-02  9.49153e-01  1.00218e+00  8.59317e-01  8.82259e-01  2.15000e+02  2.75000e+02  2.18000e+02  2.13000e+02  6.10000e+01  7.10000e+01 -1.77952e+01 -8.66343e+00  2.06194e+01 -4.56797e-01  8.70103e-01 -1.85086e-01  8.42068e-01  3.55860e-01 -4.05320e-01 -2.86806e-01 -3.41004e-01 -8.95242e-01
i2Q32_0B0A_12    5.11612e-03  2.78231e-01  1.32401e-01  1.55011e-01  4.91803e-01  5.63380e-02  9.49153e-01  1.00218e+00  8.59317e-01  8.82259e-01  2.15000e+02  2.75000e+02  2.18000e+02  2.13000e+02  6.10000e+01  7.10000e+01 -1.77952e+01 -8.66343e+00  2.06194e+01 -4.56797e-01  8.70103e-01 -1.85086e-01  8.42068e-01  3.55860e-01 -4.05320e-01 -2.86806e-01 -3.41004e-01 -8.95242e-01
i2Q32_0B0A_21    2.31248e-03  3.11837e-01  1.23912e-01  3.71838e-02  4.85714e-01  0.00000e+00  9.95220e-01  1.11382e+00  9.73010e-01  9.67823e-01  2.15000e+02  2.75000e+02  2.13000e+02  2.18000e+02  7.20000e+01  4.20000e+01 -4.93522e+00 -2.09996e+01  3.78738e+01 -7.66055e-01  6.42701e-01  9.74060e-03 -3.39201e-01 -4.17084e-01  8.43199e-01  5.45987e-01  6.42632e-01  5.37514e-01
i2Q32_0B0A_21    2.31248e-03  3.11837e-01  1.23912e-01  3.71838e-02  4.85714e-01  0.00000e+00  9.95220e-01  1.11382e+00  9.73010e-01  9.67823e-01  2.15000e+02  2.75000e+02  2.13000e+02  2.18000e+02  7.20000e+01  4.20000e+01 -4.93522e+00 -2.09996e+01  3.78738e+01 -7.66055e-01  6.42701e-01  9.74060e-03 -3.39201e-01 -4.17084e-01  8.43199e-01  5.45987e-01  6.42632e-01  5.37514e-01
i1WOV_0B0A_12    6.45019e-05  2.18680e-01  1.33611e-01  9.50298e-02  4.16667e-02  5.47945e-02  6.83488e-01  9.48681e-01  1.59021e-01  5.26650e-01  2.15000e+02  2.75000e+02  2.42000e+02  2.44000e+02  9.60000e+01  7.30000e+01 -7.79334e+00 -3.26438e+01  2.38401e+01  8.21213e-01  3.62848e-01 -4.40399e-01 -5.68959e-01  5.79554e-01 -5.83441e-01  4.35344e-02  7.29698e-01  6.82383e-01
i1WOV_0B0A_12    6.45019e-05  2.18680e-01  1.33611e-01  9.50298e-02  4.16667e-02  5.47945e-02  6.83488e-01  9.48681e-01  1.59021e-01  5.26650e-01  2.15000e+02  2.75000e+02  2.42000e+02  2.44000e+02  9.60000e+01  7.30000e+01 -7.79334e+00 -3.26438e+01  2.38401e+01  8.21213e-01  3.62848e-01 -4.40399e-01 -5.68959e-01  5.79554e-01 -5.83441e-01  4.35344e-02  7.29698e-01  6.82383e-01
# -----------------------------------------------------------------------------
#    Prefix for saving : /home/pozzati/TMdock_pipeline//results_P09601-9-223_orf3a/homdock_P09601-9-223_orf3a
#      Models to save: : 8
# -----------------------------------------------------------------------------
# Running time: 0.79 seconds
