# -----------------------------------------------------------------------------
# TMdock - docking by full/partial structure alignment                V20160511
# -----------------------------------------------------------------------------
#          Date / time : 2020:06:09 / 13:09:24
#             Receptor : /home/pozzati/target_h/Q9NZJ7-77-384
#               Ligand : /home/pozzati/target_c/orf6.pdb
#       Templates list : /home/pozzati/TMdock_pipeline//templist
#        Templates dir : /home/pozzati/TMdock_pipeline//lib_Q9NZJ7-77-384_orf6
#  Number of templates : 12
#       Alignment type : PSA
#            Fast mode : off
#    Benchmarking mode : off
# -----------------------------------------------------------------------------
#
# Label                Score    TM-score1    TM-score2    FSC-score      iSeqID1      iSeqID2        dSASA         d_av       AACE18        SolEM     trgtLen1     trgtLen2    tmpltLen1    tmpltLen2      aliLen1      aliLen2         t[0]         t[1]         t[2]      u[0][0]      u[0][1]      u[0][2]      u[1][0]      u[1][1]      u[1][2]      u[2][0]      u[2][1]      u[2][2]
#
i5IY5_0K0A_12    9.62434e-02  8.83170e-02  3.39551e-01  5.41594e-02  3.03030e-02  1.25000e-01  9.69562e-01  4.22333e-01  8.23186e-01  9.72214e-01  3.08000e+02  6.10000e+01  4.90000e+01  5.13000e+02  3.30000e+01  3.20000e+01 -3.86224e+00  2.05705e+01 -2.69061e+01 -9.51277e-01 -3.08335e-01 -8.40557e-04 -3.57331e-02  1.07536e-01  9.93559e-01 -3.06259e-01  9.45180e-01 -1.13314e-01
i5IY5_0K0A_12    9.62434e-02  8.83170e-02  3.39551e-01  5.41594e-02  3.03030e-02  1.25000e-01  9.69562e-01  4.22333e-01  8.23186e-01  9.72214e-01  3.08000e+02  6.10000e+01  4.90000e+01  5.13000e+02  3.30000e+01  3.20000e+01 -3.86224e+00  2.05705e+01 -2.69061e+01 -9.51277e-01 -3.08335e-01 -8.40557e-04 -3.57331e-02  1.07536e-01  9.93559e-01 -3.06259e-01  9.45180e-01 -1.13314e-01
i5IY5_0K0D_21    3.29445e-02  1.18375e-01  4.13487e-01  2.71757e-01  6.12245e-02  0.00000e+00  8.48999e-01  4.73697e-01  4.43920e-01  7.47726e-01  3.08000e+02  6.10000e+01  1.44000e+02  4.90000e+01  7.60000e+01  3.90000e+01 -3.53963e+01  9.16008e+01  2.07768e+01 -3.49453e-01  7.00736e-02  9.34330e-01 -8.12511e-01 -5.19258e-01 -2.64947e-01  4.66593e-01 -8.51740e-01  2.38392e-01
i5IY5_0K0D_21    3.24907e-02  1.18375e-01  4.13487e-01  2.71757e-01  5.26316e-02  0.00000e+00  8.48999e-01  4.73697e-01  4.43920e-01  7.47726e-01  3.08000e+02  6.10000e+01  1.44000e+02  4.90000e+01  7.60000e+01  3.90000e+01 -3.53963e+01  9.16008e+01  2.07768e+01 -3.49453e-01  7.00736e-02  9.34330e-01 -8.12511e-01 -5.19258e-01 -2.64947e-01  4.66593e-01 -8.51740e-01  2.38392e-01
i6G68_0A0C_12    1.41897e-02  8.82496e-02  4.81602e-01  1.11411e-01  7.14286e-02  1.66667e-01  7.18338e-01  5.30871e-01  5.08449e-01  7.66788e-01  3.08000e+02  6.10000e+01  3.00000e+01  3.00000e+01  2.80000e+01  3.00000e+01 -1.97097e+01  6.62870e+01  2.47568e+01  7.43031e-02 -7.39270e-01  6.69297e-01 -8.45854e-01 -4.02215e-01 -3.50362e-01  5.28214e-01 -5.40095e-01 -6.55201e-01
i6G68_0A0C_12    1.41897e-02  8.82496e-02  4.81602e-01  1.11411e-01  7.14286e-02  1.66667e-01  7.18338e-01  5.30871e-01  5.08449e-01  7.66788e-01  3.08000e+02  6.10000e+01  3.00000e+01  3.00000e+01  2.80000e+01  3.00000e+01 -1.97097e+01  6.62870e+01  2.47568e+01  7.43031e-02 -7.39270e-01  6.69297e-01 -8.45854e-01 -4.02215e-01 -3.50362e-01  5.28214e-01 -5.40095e-01 -6.55201e-01
i5IY5_0K0A_21    5.79562e-03  1.09492e-01  3.18590e-01  2.44989e-01  5.55556e-02  0.00000e+00  9.41555e-03  1.14336e-01  1.44965e-01  2.28704e-02  3.08000e+02  6.10000e+01  5.13000e+02  4.90000e+01  5.40000e+01  2.80000e+01 -5.48988e+01 -2.89472e+01 -3.62800e+01  8.43943e-01 -7.96038e-02  5.30494e-01  3.70949e-01  8.00971e-01 -4.69938e-01 -3.87502e-01  5.93387e-01  7.05503e-01
i5IY5_0K0A_21    5.28522e-03  1.09492e-01  3.18590e-01  2.44989e-01  0.00000e+00  0.00000e+00  9.41555e-03  1.14336e-01  1.44965e-01  2.28704e-02  3.08000e+02  6.10000e+01  5.13000e+02  4.90000e+01  5.40000e+01  2.80000e+01 -5.48988e+01 -2.89472e+01 -3.62800e+01  8.43943e-01 -7.96038e-02  5.30494e-01  3.70949e-01  8.00971e-01 -4.69938e-01 -3.87502e-01  5.93387e-01  7.05503e-01
i5IY5_0K0M_12    2.58517e-03  1.81072e-02  1.44666e-01  2.39411e-02  1.42857e-01  0.00000e+00  7.25874e-02  2.96252e-01  5.68602e-01  3.00076e-01  3.08000e+02  6.10000e+01  4.90000e+01  4.30000e+01  7.00000e+00  9.00000e+00 -5.16037e+00  2.73231e+01  1.01858e+01 -4.65860e-01 -3.70752e-01  8.03441e-01  4.44843e-01  6.86777e-01  5.74850e-01 -7.64912e-01  6.25204e-01 -1.55016e-01
i5IY5_0K0M_12    2.58517e-03  1.81072e-02  1.44666e-01  2.39411e-02  1.42857e-01  0.00000e+00  7.25874e-02  2.96252e-01  5.68602e-01  3.00076e-01  3.08000e+02  6.10000e+01  4.90000e+01  4.30000e+01  7.00000e+00  9.00000e+00 -5.16037e+00  2.73231e+01  1.01858e+01 -4.65860e-01 -3.70752e-01  8.03441e-01  4.44843e-01  6.86777e-01  5.74850e-01 -7.64912e-01  6.25204e-01 -1.55016e-01
i5IY5_0K0D_12    1.54532e-03  1.13734e-01  4.94361e-01  1.85547e-01  6.66667e-02  2.50000e-02  7.11937e-01  6.54089e-01  8.58023e-02  7.39500e-01  3.08000e+02  6.10000e+01  4.90000e+01  1.44000e+02  4.50000e+01  4.00000e+01 -1.33629e+01  6.64096e+01  4.41728e+01 -9.71990e-01 -6.74919e-02  2.25121e-01 -2.02041e-01 -2.49362e-01 -9.47100e-01  1.20058e-01 -9.66056e-01  2.28741e-01
i5IY5_0K0D_12    1.54532e-03  1.13734e-01  4.94361e-01  1.85547e-01  6.66667e-02  2.50000e-02  7.11937e-01  6.54089e-01  8.58023e-02  7.39500e-01  3.08000e+02  6.10000e+01  4.90000e+01  1.44000e+02  4.50000e+01  4.00000e+01 -1.33629e+01  6.64096e+01  4.41728e+01 -9.71990e-01 -6.74919e-02  2.25121e-01 -2.02041e-01 -2.49362e-01 -9.47100e-01  1.20058e-01 -9.66056e-01  2.28741e-01
i5IY5_0K0B_21    1.30638e-03  4.66606e-02  1.41742e-01  6.71463e-02  3.33333e-01  0.00000e+00  5.16348e-01  4.19122e-01  1.15478e-01  4.53826e-01  3.08000e+02  6.10000e+01  2.26000e+02  4.90000e+01  2.20000e+01  1.40000e+01  3.71365e+01  2.29513e-01 -7.18583e+01 -3.96863e-01 -9.20521e-02 -9.13251e-01 -8.83747e-01  3.07119e-01  3.53085e-01  2.47975e-01  9.47209e-01 -2.03235e-01
i5IY5_0K0I_12    1.21773e-03  1.61090e-02  1.34132e-01  3.84615e-02  0.00000e+00  0.00000e+00  1.66284e-01  1.16349e-01  6.27334e-02  1.13454e-01  3.08000e+02  6.10000e+01  4.90000e+01  7.20000e+01  5.00000e+00  9.00000e+00 -2.27130e+01  9.32319e+01 -6.49020e+01  1.35009e-01  2.48130e-01 -9.59273e-01 -9.41135e-01 -2.70685e-01 -2.02472e-01 -3.09900e-01  9.30140e-01  1.96979e-01
i5IY5_0K0I_12    1.21773e-03  1.61090e-02  1.34132e-01  3.84615e-02  0.00000e+00  0.00000e+00  1.66284e-01  1.16349e-01  6.27334e-02  1.13454e-01  3.08000e+02  6.10000e+01  4.90000e+01  7.20000e+01  5.00000e+00  9.00000e+00 -2.27130e+01  9.32319e+01 -6.49020e+01  1.35009e-01  2.48130e-01 -9.59273e-01 -9.41135e-01 -2.70685e-01 -2.02472e-01 -3.09900e-01  9.30140e-01  1.96979e-01
i5IY5_0K0B_21    1.01484e-03  4.66606e-02  1.41742e-01  6.71463e-02  1.81818e-01  0.00000e+00  5.16348e-01  4.19122e-01  1.15478e-01  4.53826e-01  3.08000e+02  6.10000e+01  2.26000e+02  4.90000e+01  2.20000e+01  1.40000e+01  3.71365e+01  2.29513e-01 -7.18583e+01 -3.96863e-01 -9.20521e-02 -9.13251e-01 -8.83747e-01  3.07119e-01  3.53085e-01  2.47975e-01  9.47209e-01 -2.03235e-01
i5IY5_0K0M_21    6.00618e-04  2.91044e-02  8.14046e-02  1.28041e-02  5.00000e-01  0.00000e+00  2.07045e-01  4.68509e-01  2.98681e-01  2.94057e-01  3.08000e+02  6.10000e+01  4.30000e+01  4.90000e+01  9.00000e+00  7.00000e+00 -6.82627e+01  8.72320e+00  4.88982e+00 -2.53784e-01  6.46364e-01  7.19588e-01  9.42643e-01  3.32048e-01  3.41923e-02 -2.16837e-01  6.86992e-01 -6.93559e-01
i5IY5_0K0M_21    6.00618e-04  2.91044e-02  8.14046e-02  1.28041e-02  5.00000e-01  0.00000e+00  2.07045e-01  4.68509e-01  2.98681e-01  2.94057e-01  3.08000e+02  6.10000e+01  4.30000e+01  4.90000e+01  9.00000e+00  7.00000e+00 -6.82627e+01  8.72320e+00  4.88982e+00 -2.53784e-01  6.46364e-01  7.19588e-01  9.42643e-01  3.32048e-01  3.41923e-02 -2.16837e-01  6.86992e-01 -6.93559e-01
i5IY5_0K0I_21    2.18104e-04  3.32273e-02  7.53983e-02  5.69106e-02  1.25000e-01  0.00000e+00  2.54553e-01  5.72964e-01  3.15785e-01  2.69809e-01  3.08000e+02  6.10000e+01  7.20000e+01  4.90000e+01  1.40000e+01  5.00000e+00  3.03893e+00  1.16044e+02 -3.99434e+01 -2.23865e-01 -4.80930e-01  8.47697e-01 -2.07958e-01 -8.26171e-01 -5.23636e-01  9.52175e-01 -2.93509e-01  8.49370e-02
i5IY5_0K0I_21    2.18104e-04  3.32273e-02  7.53983e-02  5.69106e-02  1.25000e-01  0.00000e+00  2.54553e-01  5.72964e-01  3.15785e-01  2.69809e-01  3.08000e+02  6.10000e+01  7.20000e+01  4.90000e+01  1.40000e+01  5.00000e+00  3.03893e+00  1.16044e+02 -3.99434e+01 -2.23865e-01 -4.80930e-01  8.47697e-01 -2.07958e-01 -8.26171e-01 -5.23636e-01  9.52175e-01 -2.93509e-01  8.49370e-02
i5IY5_0K0B_12    1.57394e-05  4.11502e-02  9.86339e-02  3.71287e-02  0.00000e+00  5.55556e-02  2.45237e-01  7.49411e-01  7.64412e-03  1.84524e-01  3.08000e+02  6.10000e+01  4.90000e+01  2.26000e+02  1.60000e+01  1.80000e+01 -4.84690e+01  7.50147e+01 -6.66566e+01  9.67635e-01  4.17624e-02 -2.48874e-01 -2.52353e-01  1.62511e-01 -9.53891e-01  6.08112e-04  9.85822e-01  1.67791e-01
i5IY5_0K0B_12    1.57394e-05  4.11502e-02  9.86339e-02  3.71287e-02  0.00000e+00  5.55556e-02  2.45237e-01  7.49411e-01  7.64412e-03  1.84524e-01  3.08000e+02  6.10000e+01  4.90000e+01  2.26000e+02  1.60000e+01  1.80000e+01 -4.84690e+01  7.50147e+01 -6.66566e+01  9.67635e-01  4.17624e-02 -2.48874e-01 -2.52353e-01  1.62511e-01 -9.53891e-01  6.08112e-04  9.85822e-01  1.67791e-01
# -----------------------------------------------------------------------------
#    Prefix for saving : /home/pozzati/TMdock_pipeline//results_Q9NZJ7-77-384_orf6/homdock_Q9NZJ7-77-384_orf6
#      Models to save: : 10
# -----------------------------------------------------------------------------
# Running time: 0.74 seconds
