# -----------------------------------------------------------------------------
# TMdock - docking by full/partial structure alignment                V20160511
# -----------------------------------------------------------------------------
#          Date / time : 2020:06:09 / 13:16:53
#             Receptor : /home/pozzati/target_h/P26358-15-1261
#               Ligand : /home/pozzati/target_c/orf8.pdb
#       Templates list : /home/pozzati/TMdock_pipeline//templist
#        Templates dir : /home/pozzati/TMdock_pipeline//lib_P26358-15-1261_orf8
#  Number of templates : 10
#       Alignment type : PSA
#            Fast mode : off
#    Benchmarking mode : off
# -----------------------------------------------------------------------------
#
# Label                Score    TM-score1    TM-score2    FSC-score      iSeqID1      iSeqID2        dSASA         d_av       AACE18        SolEM     trgtLen1     trgtLen2    tmpltLen1    tmpltLen2      aliLen1      aliLen2         t[0]         t[1]         t[2]      u[0][0]      u[0][1]      u[0][2]      u[1][0]      u[1][1]      u[1][2]      u[2][0]      u[2][1]      u[2][2]
#
i5WVO_0C0A_12    7.76719e-03  6.46393e-02  1.79951e-01  2.65602e-01  5.86957e-01  4.34783e-02  1.85065e-01  2.16130e-01  9.92148e-02  1.20887e-01  1.24700e+03  1.21000e+02  2.32000e+02  7.60000e+01  9.20000e+01  4.60000e+01 -9.45788e+01  9.03042e+01  1.80884e+01 -3.75167e-01 -6.11183e-01  6.96925e-01 -2.84240e-01  7.91474e-01  5.41089e-01 -8.82302e-01  4.90491e-03 -4.70658e-01
i5WVO_0C0A_12    7.76719e-03  6.46393e-02  1.79951e-01  2.65602e-01  5.86957e-01  4.34783e-02  1.85065e-01  2.16130e-01  9.92148e-02  1.20887e-01  1.24700e+03  1.21000e+02  2.32000e+02  7.60000e+01  9.20000e+01  4.60000e+01 -9.45788e+01  9.03042e+01  1.80884e+01 -3.75167e-01 -6.11183e-01  6.96925e-01 -2.84240e-01  7.91474e-01  5.41089e-01 -8.82302e-01  4.90491e-03 -4.70658e-01
i5WVO_0C0D_12    2.90047e-03  7.48973e-02  1.03637e-01  9.11215e-02  7.30769e-01  5.26316e-02  9.87646e-01  8.93526e-01  7.25035e-01  4.88969e-01  1.24700e+03  1.21000e+02  2.32000e+02  1.90000e+01  1.04000e+02  1.90000e+01 -8.11612e+01  8.05865e+01 -7.76076e+00  3.89217e-02 -4.60317e-02 -9.98181e-01 -2.17078e-01  9.74692e-01 -5.34129e-02  9.75378e-01  2.18762e-01  2.79442e-02
i5WVO_0C0D_12    2.90047e-03  7.48973e-02  1.03637e-01  9.11215e-02  7.30769e-01  5.26316e-02  9.87646e-01  8.93526e-01  7.25035e-01  4.88969e-01  1.24700e+03  1.21000e+02  2.32000e+02  1.90000e+01  1.04000e+02  1.90000e+01 -8.11612e+01  8.05865e+01 -7.76076e+00  3.89217e-02 -4.60317e-02 -9.98181e-01 -2.17078e-01  9.74692e-01 -5.34129e-02  9.75378e-01  2.18762e-01  2.79442e-02
i5WVO_0C0B_12    7.69775e-04  4.90026e-02  1.98125e-01  1.66179e-01  6.25000e-01  2.43902e-02  3.90975e-01  6.11795e-01  2.00147e-01  2.01040e-01  1.24700e+03  1.21000e+02  2.32000e+02  7.60000e+01  6.40000e+01  4.10000e+01 -1.18947e+02  7.34851e+01 -7.05645e+00 -6.18469e-02  9.52453e-01 -2.98342e-01  2.80595e-01  3.03451e-01  9.10595e-01  9.57832e-01 -2.73958e-02 -2.86021e-01
i5WVO_0C0B_12    7.69775e-04  4.90026e-02  1.98125e-01  1.66179e-01  6.25000e-01  2.43902e-02  3.90975e-01  6.11795e-01  2.00147e-01  2.01040e-01  1.24700e+03  1.21000e+02  2.32000e+02  7.60000e+01  6.40000e+01  4.10000e+01 -1.18947e+02  7.34851e+01 -7.05645e+00 -6.18469e-02  9.52453e-01 -2.98342e-01  2.80595e-01  3.03451e-01  9.10595e-01  9.57832e-01 -2.73958e-02 -2.86021e-01
i4Z96_0C0A_21    3.97653e-04  4.15362e-02  5.91882e-02  4.07359e-02  2.08333e-02  0.00000e+00  9.87796e-01  1.13799e+00  9.74814e-01  9.13057e-01  1.24700e+03  1.21000e+02  5.23000e+02  8.00000e+00  7.10000e+01  8.00000e+00 -4.13021e+01  4.15603e+01 -2.60295e+01 -1.70175e-01 -7.90817e-01  5.87920e-01 -5.51506e-01  5.70864e-01  6.08240e-01 -8.16628e-01 -2.20734e-01 -5.33287e-01
i4Z96_0C0A_21    3.97653e-04  4.15362e-02  5.91882e-02  4.07359e-02  2.08333e-02  0.00000e+00  9.87796e-01  1.13799e+00  9.74814e-01  9.13057e-01  1.24700e+03  1.21000e+02  5.23000e+02  8.00000e+00  7.10000e+01  8.00000e+00 -4.13021e+01  4.15603e+01 -2.60295e+01 -1.70175e-01 -7.90817e-01  5.87920e-01 -5.51506e-01  5.70864e-01  6.08240e-01 -8.16628e-01 -2.20734e-01 -5.33287e-01
i5WVO_0C0D_21    2.91750e-04  1.47560e-02  2.95451e-01  4.07812e-02  0.00000e+00  4.65116e-02  9.98792e-01  1.26472e+00  9.99553e-01  8.83182e-01  1.24700e+03  1.21000e+02  1.90000e+01  2.32000e+02  1.90000e+01  7.20000e+01 -5.19474e+01  4.83352e+01 -2.56354e+01  3.32490e-01  2.46366e-01  9.10360e-01 -8.74437e-01 -2.81059e-01  3.95431e-01  3.53285e-01 -9.27529e-01  1.21982e-01
i5WVO_0C0D_21    2.90746e-04  1.47560e-02  2.95451e-01  4.07812e-02  0.00000e+00  4.44444e-02  9.98792e-01  1.26472e+00  9.99553e-01  8.83182e-01  1.24700e+03  1.21000e+02  1.90000e+01  2.32000e+02  1.90000e+01  7.20000e+01 -5.19474e+01  4.83352e+01 -2.56354e+01  3.32490e-01  2.46366e-01  9.10360e-01 -8.74437e-01 -2.81059e-01  3.95431e-01  3.53285e-01 -9.27529e-01  1.21982e-01
i4FT4_0B0Q_21    2.78704e-04  2.40446e-03  1.98518e-01  1.26885e-02  0.00000e+00  6.66667e-02  9.98913e-01  1.23742e+00  9.97690e-01  9.74443e-01  1.24700e+03  1.21000e+02  4.00000e+00  6.93000e+02  3.00000e+00  4.80000e+01 -2.10925e+01  4.55721e+01 -1.09714e+00  7.37832e-01  6.29267e-02 -6.72045e-01  4.50946e-01  6.94891e-01  5.60155e-01  5.02247e-01 -7.16356e-01  4.84336e-01
i4FT4_0B0Q_21    2.78704e-04  2.40446e-03  1.98518e-01  1.26885e-02  0.00000e+00  6.66667e-02  9.98913e-01  1.23742e+00  9.97690e-01  9.74443e-01  1.24700e+03  1.21000e+02  4.00000e+00  6.93000e+02  3.00000e+00  4.80000e+01 -2.10925e+01  4.55721e+01 -1.09714e+00  7.37832e-01  6.29267e-02 -6.72045e-01  4.50946e-01  6.94891e-01  5.60155e-01  5.02247e-01 -7.16356e-01  4.84336e-01
i4Z96_0C0A_12    2.18541e-04  6.36907e-03  2.38181e-01  4.16241e-02  1.25000e-01  7.54717e-02  9.87583e-01  7.81629e-01  4.06896e-03  6.98354e-01  1.24700e+03  1.21000e+02  8.00000e+00  5.23000e+02  8.00000e+00  5.30000e+01 -9.59687e+00  5.09132e+01  1.58861e+01 -3.61942e-01  1.19695e-01 -9.24484e-01  9.20379e-01  2.03324e-01 -3.34010e-01  1.47990e-01 -9.71768e-01 -1.83756e-01
i4Z96_0C0A_12    2.18541e-04  6.36907e-03  2.38181e-01  4.16241e-02  1.25000e-01  7.54717e-02  9.87583e-01  7.81629e-01  4.06896e-03  6.98354e-01  1.24700e+03  1.21000e+02  8.00000e+00  5.23000e+02  8.00000e+00  5.30000e+01 -9.59687e+00  5.09132e+01  1.58861e+01 -3.61942e-01  1.19695e-01 -9.24484e-01  9.20379e-01  2.03324e-01 -3.34010e-01  1.47990e-01 -9.71768e-01 -1.83756e-01
i5WVO_0C0A_21    1.79790e-04  3.12152e-02  2.32760e-01  1.12026e-01  4.54545e-02  7.84314e-02  9.07561e-01  9.78313e-01  3.31660e-01  6.57902e-01  1.24700e+03  1.21000e+02  7.60000e+01  2.32000e+02  5.30000e+01  8.60000e+01 -1.09402e+02  5.60945e+01  2.25049e+01 -7.35288e-01  4.71605e-01  4.86765e-01  6.58934e-01  3.29353e-01  6.76263e-01  1.58612e-01  8.17994e-01 -5.52926e-01
i5WVO_0C0A_21    1.79790e-04  3.12152e-02  2.32760e-01  1.12026e-01  4.54545e-02  7.84314e-02  9.07561e-01  9.78313e-01  3.31660e-01  6.57902e-01  1.24700e+03  1.21000e+02  7.60000e+01  2.32000e+02  5.30000e+01  8.60000e+01 -1.09402e+02  5.60945e+01  2.25049e+01 -7.35288e-01  4.71605e-01  4.86765e-01  6.58934e-01  3.29353e-01  6.76263e-01  1.58612e-01  8.17994e-01 -5.52926e-01
i5WVO_0C0B_21    1.69739e-04  2.75624e-02  2.00526e-01  4.51642e-02  1.00000e-01  2.77778e-02  9.99654e-01  1.35635e+00  9.99604e-01  9.86661e-01  1.24700e+03  1.21000e+02  7.60000e+01  2.32000e+02  5.10000e+01  5.90000e+01 -4.61556e+01  4.72751e+01  1.08598e+01 -6.90358e-02  6.13733e-01  7.86490e-01  3.23070e-01 -7.32132e-01  5.99673e-01  9.43854e-01  2.95490e-01 -1.47735e-01
i5WVO_0C0B_21    1.68315e-04  2.75624e-02  2.00526e-01  4.51642e-02  1.00000e-01  2.27273e-02  9.99654e-01  1.35635e+00  9.99604e-01  9.86661e-01  1.24700e+03  1.21000e+02  7.60000e+01  2.32000e+02  5.10000e+01  5.90000e+01 -4.61556e+01  4.72751e+01  1.08598e+01 -6.90358e-02  6.13733e-01  7.86490e-01  3.23070e-01 -7.32132e-01  5.99673e-01  9.43854e-01  2.95490e-01 -1.47735e-01
i4FT4_0B0Q_12    1.37726e-05  3.04928e-02  2.45197e-02  2.77243e-02  1.92308e-02  0.00000e+00  7.42013e-01  1.00850e+00  1.15811e-01  5.48081e-01  1.24700e+03  1.21000e+02  6.93000e+02  4.00000e+00  5.20000e+01  3.00000e+00 -2.58663e+01  1.23565e+00 -1.38306e+00  3.26158e-03 -1.67187e-01 -9.85920e-01  7.91726e-01 -6.01842e-01  1.04676e-01 -6.10868e-01 -7.80919e-01  1.30404e-01
i4FT4_0B0Q_12    1.37726e-05  3.04928e-02  2.45197e-02  2.77243e-02  1.92308e-02  0.00000e+00  7.42013e-01  1.00850e+00  1.15811e-01  5.48081e-01  1.24700e+03  1.21000e+02  6.93000e+02  4.00000e+00  5.20000e+01  3.00000e+00 -2.58663e+01  1.23565e+00 -1.38306e+00  3.26158e-03 -1.67187e-01 -9.85920e-01  7.91726e-01 -6.01842e-01  1.04676e-01 -6.10868e-01 -7.80919e-01  1.30404e-01
# -----------------------------------------------------------------------------
#    Prefix for saving : /home/pozzati/TMdock_pipeline//results_P26358-15-1261_orf8/homdock_P26358-15-1261_orf8
#      Models to save: : 10
# -----------------------------------------------------------------------------
# Running time: 2.87 seconds
