# -----------------------------------------------------------------------------
# TMdock - docking by full/partial structure alignment                V20160511
# -----------------------------------------------------------------------------
#          Date / time : 2020:06:09 / 12:50:24
#             Receptor : /home/pozzati/target_h/Q6Y7W6-753-811
#               Ligand : /home/pozzati/target_c/nsp2.pdb
#       Templates list : /home/pozzati/TMdock_pipeline//templist
#        Templates dir : /home/pozzati/TMdock_pipeline//lib_Q6Y7W6-753-811_nsp2
#  Number of templates : 26
#       Alignment type : PSA
#            Fast mode : off
#    Benchmarking mode : off
# -----------------------------------------------------------------------------
#
# Label                Score    TM-score1    TM-score2    FSC-score      iSeqID1      iSeqID2        dSASA         d_av       AACE18        SolEM     trgtLen1     trgtLen2    tmpltLen1    tmpltLen2      aliLen1      aliLen2         t[0]         t[1]         t[2]      u[0][0]      u[0][1]      u[0][2]      u[1][0]      u[1][1]      u[1][2]      u[2][0]      u[2][1]      u[2][2]
#
i5CMZ_0D0C_12    7.85156e-02  5.23641e-01  5.83142e-02  3.42258e-01  2.05882e-01  2.56410e-02  3.09120e-01  6.55440e-02  2.40135e-01  1.67082e-01  5.90000e+01  6.38000e+02  3.40000e+01  4.50000e+01  3.40000e+01  3.90000e+01 -1.38289e+01 -4.66346e+01  1.51142e+02  4.70030e-01 -8.46998e-01 -2.48328e-01 -1.37908e-02 -2.88357e-01  9.57424e-01 -8.82543e-01 -4.46593e-01 -1.47217e-01
i5CMZ_0D0C_12    7.85156e-02  5.23641e-01  5.83142e-02  3.42258e-01  2.05882e-01  2.56410e-02  3.09120e-01  6.55440e-02  2.40135e-01  1.67082e-01  5.90000e+01  6.38000e+02  3.40000e+01  4.50000e+01  3.40000e+01  3.90000e+01 -1.38289e+01 -4.66346e+01  1.51142e+02  4.70030e-01 -8.46998e-01 -2.48328e-01 -1.37908e-02 -2.88357e-01  9.57424e-01 -8.82543e-01 -4.46593e-01 -1.47217e-01
i5EHB_0B0A_21    4.15796e-02  4.36104e-01  4.21448e-02  4.44834e-01  3.70370e-02  1.11111e-01  1.83693e-01  7.85521e-02  1.52759e-01  7.81595e-02  5.90000e+01  6.38000e+02  2.70000e+01  2.70000e+01  2.70000e+01  2.70000e+01  4.47816e+01 -2.67891e+01  1.66126e+02 -3.95582e-01 -6.20072e-01  6.77514e-01 -1.75134e-01  7.75079e-01  6.07109e-01 -9.01578e-01  1.21506e-01 -4.15202e-01
i5EHB_0B0A_21    4.15796e-02  4.36104e-01  4.21448e-02  4.44834e-01  3.70370e-02  1.11111e-01  1.83693e-01  7.85521e-02  1.52759e-01  7.81595e-02  5.90000e+01  6.38000e+02  2.70000e+01  2.70000e+01  2.70000e+01  2.70000e+01  4.47816e+01 -2.67891e+01  1.66126e+02 -3.95582e-01 -6.20072e-01  6.77514e-01 -1.75134e-01  7.75079e-01  6.07109e-01 -9.01578e-01  1.21506e-01 -4.15202e-01
i5CMZ_0D1C_12    1.85085e-02  5.23641e-01  5.46264e-02  3.84365e-01  2.05882e-01  2.85714e-02  5.31363e-01  3.17504e-01  1.42619e-01  9.72518e-02  5.90000e+01  6.38000e+02  3.40000e+01  4.50000e+01  3.40000e+01  3.50000e+01 -6.22832e+01 -8.19075e+00  1.40221e+02  4.63479e-01  7.53251e-01 -4.66691e-01  3.90307e-01 -6.46372e-01 -6.55640e-01 -7.95517e-01  1.21723e-01 -5.93579e-01
i5CMZ_0D1C_12    1.85085e-02  5.23641e-01  5.46264e-02  3.84365e-01  2.05882e-01  2.85714e-02  5.31363e-01  3.17504e-01  1.42619e-01  9.72518e-02  5.90000e+01  6.38000e+02  3.40000e+01  4.50000e+01  3.40000e+01  3.50000e+01 -6.22832e+01 -8.19075e+00  1.40221e+02  4.63479e-01  7.53251e-01 -4.66691e-01  3.90307e-01 -6.46372e-01 -6.55640e-01 -7.95517e-01  1.21723e-01 -5.93579e-01
i5EHB_0B1A_12    1.56768e-02  4.15483e-01  4.21429e-02  3.21471e-01  3.70370e-02  3.70370e-02  4.02852e-01  1.32286e-01  8.23379e-02  2.77418e-03  5.90000e+01  6.38000e+02  2.70000e+01  2.70000e+01  2.70000e+01  2.70000e+01 -2.72979e+01  3.65969e+01  1.41841e+02 -3.22999e-01  3.57681e-01  8.76205e-01 -3.85517e-01  7.95808e-01 -4.66976e-01 -8.64320e-01 -4.88625e-01 -1.19152e-01
i5EHB_0B1A_12    1.56768e-02  4.15483e-01  4.21429e-02  3.21471e-01  3.70370e-02  3.70370e-02  4.02852e-01  1.32286e-01  8.23379e-02  2.77418e-03  5.90000e+01  6.38000e+02  2.70000e+01  2.70000e+01  2.70000e+01  2.70000e+01 -2.72979e+01  3.65969e+01  1.41841e+02 -3.22999e-01  3.57681e-01  8.76205e-01 -3.85517e-01  7.95808e-01 -4.66976e-01 -8.64320e-01 -4.88625e-01 -1.19152e-01
i6J4P_0B0A_21    7.54045e-03  2.96193e-01  5.83432e-02  1.58587e-01  2.50000e-02  2.63158e-02  1.41816e-01  7.39282e-02  2.24189e-01  1.28703e-02  5.90000e+01  6.38000e+02  2.46000e+02  4.40000e+01  5.00000e+01  3.80000e+01  3.25931e+01 -5.95134e+01 -1.36636e+02 -7.61855e-02 -9.97000e-01  1.36841e-02  6.76326e-01 -6.17557e-02 -7.34010e-01  7.32652e-01 -4.66659e-02  6.79001e-01
i6J4P_0B0A_21    7.51870e-03  2.96193e-01  5.83432e-02  1.58587e-01  2.32558e-02  2.63158e-02  1.41816e-01  7.39282e-02  2.24189e-01  1.28703e-02  5.90000e+01  6.38000e+02  2.46000e+02  4.40000e+01  5.00000e+01  3.80000e+01  3.25931e+01 -5.95134e+01 -1.36636e+02 -7.61855e-02 -9.97000e-01  1.36841e-02  6.76326e-01 -6.17557e-02 -7.34010e-01  7.32652e-01 -4.66659e-02  6.79001e-01
i5EHB_0B2A_12    4.11571e-03  1.00415e-01  1.07393e-02  1.73913e-01  0.00000e+00  0.00000e+00  9.58082e-11  0.00000e+00  1.56669e-01  6.87706e-03  5.90000e+01  6.38000e+02  2.70000e+01  2.70000e+01  6.00000e+00  7.00000e+00  6.01556e+00 -9.94017e+01  1.51727e+02 -3.11201e-01  7.65780e-01  5.62792e-01  6.72337e-01  5.95941e-01 -4.39110e-01 -6.71652e-01  2.41734e-01 -7.00320e-01
i5EHB_0B2A_12    4.11571e-03  1.00415e-01  1.07393e-02  1.73913e-01  0.00000e+00  0.00000e+00  9.58082e-11  0.00000e+00  1.56669e-01  6.87706e-03  5.90000e+01  6.38000e+02  2.70000e+01  2.70000e+01  6.00000e+00  7.00000e+00  6.01556e+00 -9.94017e+01  1.51727e+02 -3.11201e-01  7.65780e-01  5.62792e-01  6.72337e-01  5.95941e-01 -4.39110e-01 -6.71652e-01  2.41734e-01 -7.00320e-01
i6J4P_0B0A_12    2.12054e-03  5.43336e-01  9.39399e-02  2.85128e-01  1.57895e-01  4.30108e-02  8.27764e-01  7.22754e-01  2.94014e-01  1.19891e-03  5.90000e+01  6.38000e+02  4.40000e+01  2.46000e+02  3.80000e+01  9.30000e+01  5.47411e+00  8.10792e+01  4.71051e+01  8.18706e-01 -3.88947e-01 -4.22422e-01 -5.29298e-01 -7.96401e-01 -2.92556e-01 -2.22629e-01  4.63105e-01 -8.57887e-01
i6J4P_0B0A_12    2.12054e-03  5.43336e-01  9.39399e-02  2.85128e-01  1.57895e-01  4.30108e-02  8.27764e-01  7.22754e-01  2.94014e-01  1.19891e-03  5.90000e+01  6.38000e+02  4.40000e+01  2.46000e+02  3.80000e+01  9.30000e+01  5.47411e+00  8.10792e+01  4.71051e+01  8.18706e-01 -3.88947e-01 -4.22422e-01 -5.29298e-01 -7.96401e-01 -2.92556e-01 -2.22629e-01  4.63105e-01 -8.57887e-01
i6QBY_0D0C_12    1.80597e-03  4.49726e-01  9.34267e-02  2.57390e-01  3.33333e-02  6.74157e-02  8.11585e-01  7.75776e-01  5.07471e-01  3.60351e-03  5.90000e+01  6.38000e+02  3.00000e+01  2.45000e+02  3.00000e+01  8.90000e+01  6.76733e+01  5.06258e+01  4.52167e+01  1.09814e-01 -8.49375e-01 -5.16240e-01 -9.85228e-01 -1.61680e-01  5.64377e-02 -1.31402e-01  5.02416e-01 -8.54583e-01
i6QBY_0D0C_12    1.80597e-03  4.49726e-01  9.34267e-02  2.57390e-01  3.33333e-02  6.74157e-02  8.11585e-01  7.75776e-01  5.07471e-01  3.60351e-03  5.90000e+01  6.38000e+02  3.00000e+01  2.45000e+02  3.00000e+01  8.90000e+01  6.76733e+01  5.06258e+01  4.52167e+01  1.09814e-01 -8.49375e-01 -5.16240e-01 -9.85228e-01 -1.61680e-01  5.64377e-02 -1.31402e-01  5.02416e-01 -8.54583e-01
i5CMZ_0D1C_21    9.96793e-04  5.50273e-01  5.12871e-02  1.42204e-01  8.82353e-02  3.03030e-02  9.83812e-01  6.47394e-01  0.00000e+00  2.53992e-01  5.90000e+01  6.38000e+02  4.50000e+01  3.40000e+01  3.50000e+01  3.30000e+01 -4.41211e+01  6.38771e+01  9.37853e+01 -6.47857e-02  9.88822e-01  1.34287e-01 -2.84624e-01  1.10669e-01 -9.52230e-01 -9.56448e-01 -9.99122e-02  2.74273e-01
i5CMZ_0D1C_21    9.96793e-04  5.50273e-01  5.12871e-02  1.42204e-01  8.82353e-02  3.03030e-02  9.83812e-01  6.47394e-01  0.00000e+00  2.53992e-01  5.90000e+01  6.38000e+02  4.50000e+01  3.40000e+01  3.50000e+01  3.30000e+01 -4.41211e+01  6.38771e+01  9.37853e+01 -6.47857e-02  9.88822e-01  1.34287e-01 -2.84624e-01  1.10669e-01 -9.52230e-01 -9.56448e-01 -9.99122e-02  2.74273e-01
i5CMZ_0D0C_21    9.71853e-04  5.74985e-01  5.12871e-02  1.38052e-01  5.88235e-02  3.03030e-02  9.64410e-01  6.01434e-01  0.00000e+00  2.62413e-02  5.90000e+01  6.38000e+02  4.50000e+01  3.40000e+01  3.90000e+01  3.30000e+01  6.01459e+01  5.27555e+01  9.81819e+01 -5.28694e-01  5.74308e-01 -6.25022e-01  1.65476e-01 -6.52484e-01 -7.39515e-01 -8.32526e-01 -4.94403e-01  2.49930e-01
i5CMZ_0D0C_21    9.66573e-04  5.74985e-01  5.12871e-02  1.38052e-01  5.55556e-02  3.03030e-02  9.64410e-01  6.01434e-01  0.00000e+00  2.62413e-02  5.90000e+01  6.38000e+02  4.50000e+01  3.40000e+01  3.90000e+01  3.30000e+01  6.01459e+01  5.27555e+01  9.81819e+01 -5.28694e-01  5.74308e-01 -6.25022e-01  1.65476e-01 -6.52484e-01 -7.39515e-01 -8.32526e-01 -4.94403e-01  2.49930e-01
i2L6Z_0A0C_21    9.41166e-04  1.47724e-01  2.27018e-02  9.41884e-02  1.25000e-01  2.00000e-01  3.40957e-01  2.83376e-01  3.72365e-03  1.38825e-02  5.90000e+01  6.38000e+02  9.60000e+01  3.90000e+01  2.20000e+01  2.50000e+01  4.81354e+01  1.50272e+02  1.81192e+01 -5.11867e-02 -9.24125e-01  3.78647e-01 -9.71416e-01 -4.19298e-02 -2.33653e-01  2.31801e-01 -3.79783e-01 -8.95563e-01
i2L6Z_0A0C_21    9.19624e-04  1.47724e-01  2.27018e-02  9.41884e-02  1.11111e-01  2.00000e-01  3.40957e-01  2.83376e-01  3.72365e-03  1.38825e-02  5.90000e+01  6.38000e+02  9.60000e+01  3.90000e+01  2.20000e+01  2.50000e+01  4.81354e+01  1.50272e+02  1.81192e+01 -5.11867e-02 -9.24125e-01  3.78647e-01 -9.71416e-01 -4.19298e-02 -2.33653e-01  2.31801e-01 -3.79783e-01 -8.95563e-01
i3WY9_0D0B_12    5.88893e-04  3.26398e-01  6.61227e-02  1.28357e-01  1.50000e-01  1.23457e-02  8.12091e-01  6.68219e-01  2.24268e-01  3.53728e-03  5.90000e+01  6.38000e+02  2.60000e+01  4.16000e+02  2.00000e+01  8.10000e+01 -8.02857e+01  4.96323e+01  4.70072e+01  9.57289e-01  2.87267e-01 -3.27997e-02  2.71270e-01 -9.31602e-01 -2.41930e-01 -1.00055e-01  2.22700e-01 -9.69739e-01
i3WY9_0D0B_12    5.88893e-04  3.26398e-01  6.61227e-02  1.28357e-01  1.50000e-01  1.23457e-02  8.12091e-01  6.68219e-01  2.24268e-01  3.53728e-03  5.90000e+01  6.38000e+02  2.60000e+01  4.16000e+02  2.00000e+01  8.10000e+01 -8.02857e+01  4.96323e+01  4.70072e+01  9.57289e-01  2.87267e-01 -3.27997e-02  2.71270e-01 -9.31602e-01 -2.41930e-01 -1.00055e-01  2.22700e-01 -9.69739e-01
i3WY9_0D0B_21    5.12337e-04  2.85787e-01  3.12947e-02  8.70927e-02  3.57143e-02  0.00000e+00  7.13731e-01  5.44250e-01  4.86142e-02  3.32082e-01  5.90000e+01  6.38000e+02  4.16000e+02  2.60000e+01  3.20000e+01  2.00000e+01  2.98289e+01 -8.27171e+01 -1.21732e+02 -2.80196e-01  8.38543e-01 -4.67264e-01  1.51276e-01  5.19252e-01  8.41126e-01  9.47948e-01  1.64995e-01 -2.72344e-01
i3WY9_0D0B_21    4.82711e-04  2.85787e-01  3.12947e-02  8.70927e-02  0.00000e+00  0.00000e+00  7.13731e-01  5.44250e-01  4.86142e-02  3.32082e-01  5.90000e+01  6.38000e+02  4.16000e+02  2.60000e+01  3.20000e+01  2.00000e+01  2.98289e+01 -8.27171e+01 -1.21732e+02 -2.80196e-01  8.38543e-01 -4.67264e-01  1.51276e-01  5.19252e-01  8.41126e-01  9.47948e-01  1.64995e-01 -2.72344e-01
i5EHB_0B1A_21    4.55162e-04  4.36102e-01  4.21448e-02  2.38261e-01  3.70370e-02  1.11111e-01  6.95752e-01  6.96594e-01  1.90887e-02  1.87595e-01  5.90000e+01  6.38000e+02  2.70000e+01  2.70000e+01  2.70000e+01  2.70000e+01 -3.85493e+01 -5.73623e+00  1.73128e+02 -5.26572e-02  9.86657e-01  1.54063e-01  2.92983e-01  1.62752e-01 -9.42164e-01 -9.54667e-01 -4.47391e-03 -2.97643e-01
i5EHB_0B1A_21    4.55162e-04  4.36102e-01  4.21448e-02  2.38261e-01  3.70370e-02  1.11111e-01  6.95752e-01  6.96594e-01  1.90887e-02  1.87595e-01  5.90000e+01  6.38000e+02  2.70000e+01  2.70000e+01  2.70000e+01  2.70000e+01 -3.85493e+01 -5.73623e+00  1.73128e+02 -5.26572e-02  9.86657e-01  1.54063e-01  2.92983e-01  1.62752e-01 -9.42164e-01 -9.54667e-01 -4.47391e-03 -2.97643e-01
i5B16_0C0A_21    4.12865e-04  2.73836e-01  3.55637e-02  9.12807e-02  1.00000e-01  0.00000e+00  9.60710e-01  5.86163e-01  0.00000e+00  6.51576e-04  5.90000e+01  6.38000e+02  7.22000e+02  2.30000e+01  3.70000e+01  2.30000e+01 -2.65640e+01 -3.95415e+01  9.34179e+01  6.68876e-01 -3.27052e-01 -6.67564e-01  3.92312e-01 -6.07477e-01  6.90697e-01 -6.31424e-01 -7.23884e-01 -2.78020e-01
i2LW9_0A0B_21    3.92635e-04  4.29528e-01  6.02435e-02  1.93172e-01  2.00000e-01  9.09091e-02  9.50576e-01  7.76408e-01  0.00000e+00  7.57537e-02  5.90000e+01  6.38000e+02  5.10000e+01  5.10000e+01  3.00000e+01  4.40000e+01 -5.17880e+01 -4.12451e+01  1.20726e+02  6.91809e-02  1.33373e-01  9.88648e-01  1.50213e-02  9.90771e-01 -1.34710e-01 -9.97491e-01  2.41701e-02  6.65390e-02
i2LW9_0A0B_21    3.92635e-04  4.29528e-01  6.02435e-02  1.93172e-01  2.00000e-01  9.09091e-02  9.50576e-01  7.76408e-01  0.00000e+00  7.57537e-02  5.90000e+01  6.38000e+02  5.10000e+01  5.10000e+01  3.00000e+01  4.40000e+01 -5.17880e+01 -4.12451e+01  1.20726e+02  6.91809e-02  1.33373e-01  9.88648e-01  1.50213e-02  9.90771e-01 -1.34710e-01 -9.97491e-01  2.41701e-02  6.65390e-02
i5CMZ_0D2C_21    3.91729e-04  1.40185e-01  1.85330e-02  2.07207e-02  0.00000e+00  1.11111e-01  7.08847e-01  4.18796e-01  3.75306e-04  7.04559e-03  5.90000e+01  6.38000e+02  4.50000e+01  3.40000e+01  1.10000e+01  1.30000e+01  2.53448e+01  2.45053e+01  1.17538e+02  1.72984e-01 -6.07661e-01 -7.75129e-01 -2.80758e-01 -7.84764e-01  5.52558e-01 -9.44061e-01  1.22040e-01 -3.06357e-01
i5CMZ_0D2C_21    3.91729e-04  1.40185e-01  1.85330e-02  2.07207e-02  0.00000e+00  1.11111e-01  7.08847e-01  4.18796e-01  3.75306e-04  7.04559e-03  5.90000e+01  6.38000e+02  4.50000e+01  3.40000e+01  1.10000e+01  1.30000e+01  2.53448e+01  2.45053e+01  1.17538e+02  1.72984e-01 -6.07661e-01 -7.75129e-01 -2.80758e-01 -7.84764e-01  5.52558e-01 -9.44061e-01  1.22040e-01 -3.06357e-01
i5B16_0C0A_21    3.90537e-04  2.73836e-01  3.55637e-02  9.12807e-02  6.66667e-02  0.00000e+00  9.60710e-01  5.86163e-01  0.00000e+00  6.51576e-04  5.90000e+01  6.38000e+02  7.22000e+02  2.30000e+01  3.70000e+01  2.30000e+01 -2.65640e+01 -3.95415e+01  9.34179e+01  6.68876e-01 -3.27052e-01 -6.67564e-01  3.92312e-01 -6.07477e-01  6.90697e-01 -6.31424e-01 -7.23884e-01 -2.78020e-01
i5B16_0C0A_12    3.79204e-04  3.57535e-01  6.62654e-02  1.92464e-01  4.34783e-02  6.06061e-02  9.29495e-01  7.04359e-01  0.00000e+00  4.94704e-02  5.90000e+01  6.38000e+02  2.30000e+01  7.22000e+02  2.30000e+01  6.60000e+01 -6.82355e+01 -6.73465e+00  9.18265e+01  2.84833e-01 -3.93776e-02  9.57768e-01 -2.56112e-01  9.59707e-01  1.15623e-01 -9.23730e-01 -2.78229e-01  2.63271e-01
i5B16_0C0A_12    3.79204e-04  3.57535e-01  6.62654e-02  1.92464e-01  4.34783e-02  6.06061e-02  9.29495e-01  7.04359e-01  0.00000e+00  4.94704e-02  5.90000e+01  6.38000e+02  2.30000e+01  7.22000e+02  2.30000e+01  6.60000e+01 -6.82355e+01 -6.73465e+00  9.18265e+01  2.84833e-01 -3.93776e-02  9.57768e-01 -2.56112e-01  9.59707e-01  1.15623e-01 -9.23730e-01 -2.78229e-01  2.63271e-01
i5CMZ_0D2C_12    3.33688e-04  1.96406e-01  1.14887e-02  7.24638e-03  0.00000e+00  0.00000e+00  7.49491e-01  4.39669e-01  2.61514e-05  3.54649e-02  5.90000e+01  6.38000e+02  3.40000e+01  4.50000e+01  1.30000e+01  1.10000e+01 -3.80054e+01 -3.00961e+01  6.46656e+01  3.46929e-01 -6.53402e-01  6.72835e-01 -3.29662e-01  5.86661e-01  7.39698e-01 -8.78045e-01 -4.78431e-01 -1.18718e-02
i5CMZ_0D2C_12    3.33688e-04  1.96406e-01  1.14887e-02  7.24638e-03  0.00000e+00  0.00000e+00  7.49491e-01  4.39669e-01  2.61514e-05  3.54649e-02  5.90000e+01  6.38000e+02  3.40000e+01  4.50000e+01  1.30000e+01  1.10000e+01 -3.80054e+01 -3.00961e+01  6.46656e+01  3.46929e-01 -6.53402e-01  6.72835e-01 -3.29662e-01  5.86661e-01  7.39698e-01 -8.78045e-01 -4.78431e-01 -1.18718e-02
i2L6Z_0A0B_12    2.52351e-04  2.24888e-01  3.01821e-02  6.55594e-02  1.15385e-01  8.33333e-02  4.24680e-01  4.73423e-01  6.61260e-03  5.17029e-03  5.90000e+01  6.38000e+02  3.90000e+01  3.60000e+01  2.60000e+01  2.40000e+01  6.75359e+01 -8.73014e+00 -3.63506e-01 -7.95383e-01 -1.30047e-01 -5.91991e-01  5.36181e-01  3.04463e-01 -7.87281e-01  2.82624e-01 -9.43605e-01 -1.72436e-01
i2L6Z_0A0B_12    2.52351e-04  2.24888e-01  3.01821e-02  6.55594e-02  1.15385e-01  8.33333e-02  4.24680e-01  4.73423e-01  6.61260e-03  5.17029e-03  5.90000e+01  6.38000e+02  3.90000e+01  3.60000e+01  2.60000e+01  2.40000e+01  6.75359e+01 -8.73014e+00 -3.63506e-01 -7.95383e-01 -1.30047e-01 -5.91991e-01  5.36181e-01  3.04463e-01 -7.87281e-01  2.82624e-01 -9.43605e-01 -1.72436e-01
i2LW9_0A0B_12    2.41583e-04  4.45333e-01  5.29212e-02  1.81548e-01  6.97674e-02  2.04082e-02  9.94366e-01  8.76723e-01  0.00000e+00  4.63365e-01  5.90000e+01  6.38000e+02  5.10000e+01  5.10000e+01  4.30000e+01  4.90000e+01  2.44520e+01 -4.29371e-01 -1.10840e+02  2.21732e-01 -3.59456e-01 -9.06436e-01 -1.13024e-01  9.13835e-01 -3.90039e-01  9.68535e-01  1.88933e-01  1.61999e-01
i2LW9_0A0B_12    2.41583e-04  4.45333e-01  5.29212e-02  1.81548e-01  6.97674e-02  2.04082e-02  9.94366e-01  8.76723e-01  0.00000e+00  4.63365e-01  5.90000e+01  6.38000e+02  5.10000e+01  5.10000e+01  4.30000e+01  4.90000e+01  2.44520e+01 -4.29371e-01 -1.10840e+02  2.21732e-01 -3.59456e-01 -9.06436e-01 -1.13024e-01  9.13835e-01 -3.90039e-01  9.68535e-01  1.88933e-01  1.61999e-01
i5EHB_0B0A_12    1.45596e-04  4.15483e-01  4.21429e-02  1.20932e-01  3.70370e-02  3.70370e-02  9.49777e-01  7.91464e-01  0.00000e+00  2.82799e-03  5.90000e+01  6.38000e+02  2.70000e+01  2.70000e+01  2.70000e+01  2.70000e+01  3.69614e+01 -5.36259e+01  1.23449e+02  6.29521e-02 -9.97992e-01  7.05804e-03  1.25453e-01  1.49290e-02  9.91987e-01 -9.90100e-01 -6.15622e-02  1.26141e-01
i5EHB_0B0A_12    1.45596e-04  4.15483e-01  4.21429e-02  1.20932e-01  3.70370e-02  3.70370e-02  9.49777e-01  7.91464e-01  0.00000e+00  2.82799e-03  5.90000e+01  6.38000e+02  2.70000e+01  2.70000e+01  2.70000e+01  2.70000e+01  3.69614e+01 -5.36259e+01  1.23449e+02  6.29521e-02 -9.97992e-01  7.05804e-03  1.25453e-01  1.49290e-02  9.91987e-01 -9.90100e-01 -6.15622e-02  1.26141e-01
i2L6Z_0A0B_21    8.17207e-05  2.07704e-01  4.40669e-02  1.29614e-01  0.00000e+00  3.84615e-02  4.53108e-01  6.59377e-01  3.24242e-03  8.01768e-02  5.90000e+01  6.38000e+02  3.60000e+01  3.90000e+01  1.60000e+01  3.70000e+01  3.11338e+01 -6.27722e+00  4.08587e+01 -2.73533e-01  2.47205e-01 -9.29553e-01  7.66816e-01 -5.27367e-01 -3.65893e-01 -5.80666e-01 -8.12880e-01 -4.53078e-02
i2L6Z_0A0B_21    8.11800e-05  2.07704e-01  4.40669e-02  1.29614e-01  0.00000e+00  3.44828e-02  4.53108e-01  6.59377e-01  3.24242e-03  8.01768e-02  5.90000e+01  6.38000e+02  3.60000e+01  3.90000e+01  1.60000e+01  3.70000e+01  3.11338e+01 -6.27722e+00  4.08587e+01 -2.73533e-01  2.47205e-01 -9.29553e-01  7.66816e-01 -5.27367e-01 -3.65893e-01 -5.80666e-01 -8.12880e-01 -4.53078e-02
i5EHB_0B2A_21    3.86274e-05  6.19417e-02  1.07708e-02  1.83655e-03  0.00000e+00  0.00000e+00  9.70647e-01  7.71880e-01  0.00000e+00  4.99505e-02  5.90000e+01  6.38000e+02  2.70000e+01  2.70000e+01  7.00000e+00  7.00000e+00 -5.86336e+01  1.14391e+02  7.61769e+01 -1.21006e-02  3.44722e-01  9.38627e-01 -9.32808e-01  3.34225e-01 -1.34774e-01 -3.60172e-01 -8.77189e-01  3.17515e-01
i5EHB_0B2A_21    3.86274e-05  6.19417e-02  1.07708e-02  1.83655e-03  0.00000e+00  0.00000e+00  9.70647e-01  7.71880e-01  0.00000e+00  4.99505e-02  5.90000e+01  6.38000e+02  2.70000e+01  2.70000e+01  7.00000e+00  7.00000e+00 -5.86336e+01  1.14391e+02  7.61769e+01 -1.21006e-02  3.44722e-01  9.38627e-01 -9.32808e-01  3.34225e-01 -1.34774e-01 -3.60172e-01 -8.77189e-01  3.17515e-01
i6QBY_0D0C_21    3.32998e-05  2.92722e-01  4.52689e-02  6.81984e-02  2.56410e-02  3.33333e-02  9.82896e-01  9.60018e-01  0.00000e+00  1.56212e-01  5.90000e+01  6.38000e+02  2.45000e+02  3.00000e+01  4.80000e+01  3.00000e+01  2.15926e+01 -5.31408e+00  1.05097e+02  1.81586e-01 -9.00196e-01 -3.95821e-01 -1.91479e-01 -4.27176e-01  8.83661e-01 -9.64553e-01 -8.46687e-02 -2.49938e-01
i6QBY_0D0C_21    3.31982e-05  2.92722e-01  4.52689e-02  6.81984e-02  2.38095e-02  3.33333e-02  9.82896e-01  9.60018e-01  0.00000e+00  1.56212e-01  5.90000e+01  6.38000e+02  2.45000e+02  3.00000e+01  4.80000e+01  3.00000e+01  2.15926e+01 -5.31408e+00  1.05097e+02  1.81586e-01 -9.00196e-01 -3.95821e-01 -1.91479e-01 -4.27176e-01  8.83661e-01 -9.64553e-01 -8.46687e-02 -2.49938e-01
i2L6Z_0A0C_12    1.69364e-05  1.07808e-01  4.58138e-02  1.62049e-02  7.69231e-02  2.50000e-02  7.19920e-01  8.61018e-01  0.00000e+00  2.17397e-02  5.90000e+01  6.38000e+02  3.90000e+01  9.60000e+01  1.30000e+01  4.00000e+01  6.86310e-01 -7.23296e+01  4.42437e+01 -6.97099e-01  6.70982e-01  2.52656e-01  5.90377e-01  7.37144e-01 -3.28745e-01 -4.06827e-01 -8.00056e-02 -9.09995e-01
i2L6Z_0A0C_12    1.69364e-05  1.07808e-01  4.58138e-02  1.62049e-02  7.69231e-02  2.50000e-02  7.19920e-01  8.61018e-01  0.00000e+00  2.17397e-02  5.90000e+01  6.38000e+02  3.90000e+01  9.60000e+01  1.30000e+01  4.00000e+01  6.86310e-01 -7.23296e+01  4.42437e+01 -6.97099e-01  6.70982e-01  2.52656e-01  5.90377e-01  7.37144e-01 -3.28745e-01 -4.06827e-01 -8.00056e-02 -9.09995e-01
# -----------------------------------------------------------------------------
#    Prefix for saving : /home/pozzati/TMdock_pipeline//results_Q6Y7W6-753-811_nsp2/homdock_Q6Y7W6-753-811_nsp2
#      Models to save: : 10
# -----------------------------------------------------------------------------
# Running time: 3.59 seconds
