# -----------------------------------------------------------------------------
# TMdock - docking by full/partial structure alignment                V20160511
# -----------------------------------------------------------------------------
#          Date / time : 2020:06:09 / 12:56:32
#             Receptor : /home/pozzati/target_h/Q3KQU3-633-651
#               Ligand : /home/pozzati/target_c/orf10.pdb
#       Templates list : /home/pozzati/TMdock_pipeline//templist
#        Templates dir : /home/pozzati/TMdock_pipeline//lib_Q3KQU3-633-651_orf10
#  Number of templates : 8
#       Alignment type : PSA
#            Fast mode : off
#    Benchmarking mode : off
# -----------------------------------------------------------------------------
#
# Label                Score    TM-score1    TM-score2    FSC-score      iSeqID1      iSeqID2        dSASA         d_av       AACE18        SolEM     trgtLen1     trgtLen2    tmpltLen1    tmpltLen2      aliLen1      aliLen2         t[0]         t[1]         t[2]      u[0][0]      u[0][1]      u[0][2]      u[1][0]      u[1][1]      u[1][2]      u[2][0]      u[2][1]      u[2][2]
#
i5B66_0Y0J_12    2.21302e-02  3.91264e-01  3.68977e-01  3.32103e-01  0.00000e+00  7.40741e-02  7.89031e-03  9.34440e-02  1.49308e-01  1.54575e-02  1.90000e+01  3.80000e+01  2.90000e+01  3.60000e+01  1.70000e+01  2.70000e+01  2.77319e+02  2.93281e+02  2.84152e+02 -5.37316e-01  8.31929e-01 -1.38512e-01 -5.26273e-01 -4.59071e-01 -7.15745e-01 -6.59036e-01 -3.11686e-01  6.84488e-01
i5B66_0Y0J_12    2.21302e-02  3.91264e-01  3.68977e-01  3.32103e-01  0.00000e+00  7.40741e-02  7.89031e-03  9.34440e-02  1.49308e-01  1.54575e-02  1.90000e+01  3.80000e+01  2.90000e+01  3.60000e+01  1.70000e+01  2.70000e+01  2.77319e+02  2.93281e+02  2.84152e+02 -5.37316e-01  8.31929e-01 -1.38512e-01 -5.26273e-01 -4.59071e-01 -7.15745e-01 -6.59036e-01 -3.11686e-01  6.84488e-01
i5B66_0Y0Z_12    1.82442e-02  3.83559e-01  3.62204e-01  3.37539e-01  5.88235e-02  9.52381e-02  1.53971e-03  1.53821e-01  1.71322e-01  4.58995e-02  1.90000e+01  3.80000e+01  2.90000e+01  6.20000e+01  1.70000e+01  2.10000e+01  2.83017e+02  3.02976e+02  2.52855e+02 -5.06803e-01 -2.91426e-01 -8.11309e-01 -5.08744e-01  8.60875e-01  8.56748e-03  6.95939e-01  4.17090e-01 -5.84555e-01
i5B66_0Y0Z_12    1.82442e-02  3.83559e-01  3.62204e-01  3.37539e-01  5.88235e-02  9.52381e-02  1.53971e-03  1.53821e-01  1.71322e-01  4.58995e-02  1.90000e+01  3.80000e+01  2.90000e+01  6.20000e+01  1.70000e+01  2.10000e+01  2.83017e+02  3.02976e+02  2.52855e+02 -5.06803e-01 -2.91426e-01 -8.11309e-01 -5.08744e-01  8.60875e-01  8.56748e-03  6.95939e-01  4.17090e-01 -5.84555e-01
i5B66_0Y0J_21    1.67242e-02  6.12056e-01  3.53729e-01  1.77122e-01  0.00000e+00  4.00000e-02  1.75826e-03  1.04142e-01  1.80313e-01  5.67402e-02  1.90000e+01  3.80000e+01  3.60000e+01  2.90000e+01  1.80000e+01  2.50000e+01  2.20429e+02  3.06761e+02  2.83427e+02  6.33327e-01  4.46678e-01  6.31962e-01 -6.99420e-01  6.79885e-01  2.20381e-01 -3.31223e-01 -5.81580e-01  7.43005e-01
i5B66_0Y0J_21    1.67242e-02  6.12056e-01  3.53729e-01  1.77122e-01  0.00000e+00  4.00000e-02  1.75826e-03  1.04142e-01  1.80313e-01  5.67402e-02  1.90000e+01  3.80000e+01  3.60000e+01  2.90000e+01  1.80000e+01  2.50000e+01  2.20429e+02  3.06761e+02  2.83427e+02  6.33327e-01  4.46678e-01  6.31962e-01 -6.99420e-01  6.79885e-01  2.20381e-01 -3.31223e-01 -5.81580e-01  7.43005e-01
i5B66_0Y0C_21    5.40850e-03  2.56276e-01  1.91304e-01  7.76699e-02  0.00000e+00  0.00000e+00  0.00000e+00  0.00000e+00  1.54866e-01  7.18002e-03  1.90000e+01  3.80000e+01  4.51000e+02  2.90000e+01  1.00000e+01  1.90000e+01  1.87768e+02  2.15086e+02  2.54787e+02  6.46658e-01  3.28341e-02  7.62073e-01  2.79585e-01 -9.39745e-01 -1.96752e-01  7.09695e-01  3.40295e-01 -6.16873e-01
i5B66_0Y0C_21    5.40850e-03  2.56276e-01  1.91304e-01  7.76699e-02  0.00000e+00  0.00000e+00  0.00000e+00  0.00000e+00  1.54866e-01  7.18002e-03  1.90000e+01  3.80000e+01  4.51000e+02  2.90000e+01  1.00000e+01  1.90000e+01  1.87768e+02  2.15086e+02  2.54787e+02  6.46658e-01  3.28341e-02  7.62073e-01  2.79585e-01 -9.39745e-01 -1.96752e-01  7.09695e-01  3.40295e-01 -6.16873e-01
i5B66_0Y0C_12    5.31499e-03  2.70196e-01  1.95811e-01  7.40741e-02  0.00000e+00  0.00000e+00  4.45227e-09  0.00000e+00  1.42939e-01  8.38782e-03  1.90000e+01  3.80000e+01  2.90000e+01  4.51000e+02  1.20000e+01  2.00000e+01  2.93783e+02  2.74288e+02  2.46865e+02 -7.82204e-01  2.78534e-01 -5.57294e-01  1.67771e-01  9.55626e-01  2.42141e-01  6.00009e-01  9.59060e-02 -7.94224e-01
i5B66_0Y0C_12    5.31499e-03  2.70196e-01  1.95811e-01  7.40741e-02  0.00000e+00  0.00000e+00  4.45227e-09  0.00000e+00  1.42939e-01  8.38782e-03  1.90000e+01  3.80000e+01  2.90000e+01  4.51000e+02  1.20000e+01  2.00000e+01  2.93783e+02  2.74288e+02  2.46865e+02 -7.82204e-01  2.78534e-01 -5.57294e-01  1.67771e-01  9.55626e-01  2.42141e-01  6.00009e-01  9.59060e-02 -7.94224e-01
i5B66_0Y0Z_21    1.86234e-03  3.81286e-01  3.62067e-01  3.07329e-01  0.00000e+00  1.00000e-01  2.30982e-02  4.53530e-01  1.70346e-01  6.52004e-02  1.90000e+01  3.80000e+01  6.20000e+01  2.90000e+01  1.50000e+01  2.60000e+01  1.98920e+02  2.43069e+02  2.44547e+02  5.66211e-01 -5.20128e-01  6.39431e-01  4.85604e-01 -4.16346e-01 -7.68664e-01  6.66028e-01  7.45736e-01  1.68364e-02
i5B66_0Y0Z_21    1.86234e-03  3.81286e-01  3.62067e-01  3.07329e-01  0.00000e+00  1.00000e-01  2.30982e-02  4.53530e-01  1.70346e-01  6.52004e-02  1.90000e+01  3.80000e+01  6.20000e+01  2.90000e+01  1.50000e+01  2.60000e+01  1.98920e+02  2.43069e+02  2.44547e+02  5.66211e-01 -5.20128e-01  6.39431e-01  4.85604e-01 -4.16346e-01 -7.68664e-01  6.66028e-01  7.45736e-01  1.68364e-02
i5B66_0Y0K_12    4.27165e-04  4.62203e-01  3.32443e-01  3.20463e-01  5.55556e-02  7.40741e-02  6.54508e-02  6.57285e-01  7.15411e-02  6.33359e-02  1.90000e+01  3.80000e+01  2.90000e+01  3.70000e+01  1.80000e+01  2.70000e+01  2.40555e+02  2.17346e+02  2.87456e+02 -1.51627e-01  2.66039e-01  9.51962e-01  9.85066e-01  1.20157e-01  1.23321e-01 -8.15766e-02  9.56444e-01 -2.80285e-01
i5B66_0Y0K_12    4.27165e-04  4.62203e-01  3.32443e-01  3.20463e-01  5.55556e-02  7.40741e-02  6.54508e-02  6.57285e-01  7.15411e-02  6.33359e-02  1.90000e+01  3.80000e+01  2.90000e+01  3.70000e+01  1.80000e+01  2.70000e+01  2.40555e+02  2.17346e+02  2.87456e+02 -1.51627e-01  2.66039e-01  9.51962e-01  9.85066e-01  1.20157e-01  1.23321e-01 -8.15766e-02  9.56444e-01 -2.80285e-01
i5B66_0Y0K_21    1.79056e-04  4.52943e-01  3.62955e-01  3.05461e-01  7.14286e-02  8.33333e-02  2.02875e-01  8.17117e-01  5.62229e-02  5.20590e-02  1.90000e+01  3.80000e+01  3.70000e+01  2.90000e+01  1.80000e+01  2.60000e+01  2.17096e+02  2.20907e+02  2.76825e+02  5.57890e-01  1.51920e-01  8.15891e-01  7.64493e-01 -4.76657e-01 -4.33991e-01  3.22969e-01  8.65863e-01 -3.82064e-01
i5B66_0Y0K_21    1.58941e-04  4.52943e-01  3.62955e-01  3.05461e-01  0.00000e+00  8.33333e-02  2.02875e-01  8.17117e-01  5.62229e-02  5.20590e-02  1.90000e+01  3.80000e+01  3.70000e+01  2.90000e+01  1.80000e+01  2.60000e+01  2.17096e+02  2.20907e+02  2.76825e+02  5.57890e-01  1.51920e-01  8.15891e-01  7.64493e-01 -4.76657e-01 -4.33991e-01  3.22969e-01  8.65863e-01 -3.82064e-01
# -----------------------------------------------------------------------------
#    Prefix for saving : /home/pozzati/TMdock_pipeline//results_Q3KQU3-633-651_orf10/homdock_Q3KQU3-633-651_orf10
#      Models to save: : 10
# -----------------------------------------------------------------------------
# Running time: 0.19 seconds
