# -----------------------------------------------------------------------------
# TMdock - docking by full/partial structure alignment                V20160511
# -----------------------------------------------------------------------------
#          Date / time : 2020:06:09 / 12:54:23
#             Receptor : /home/pozzati/target_h/Q15904-419-459
#               Ligand : /home/pozzati/target_c/nsp6.pdb
#       Templates list : /home/pozzati/TMdock_pipeline//templist
#        Templates dir : /home/pozzati/TMdock_pipeline//lib_Q15904-419-459_nsp6
#  Number of templates : 8
#       Alignment type : PSA
#            Fast mode : off
#    Benchmarking mode : off
# -----------------------------------------------------------------------------
#
# Label                Score    TM-score1    TM-score2    FSC-score      iSeqID1      iSeqID2        dSASA         d_av       AACE18        SolEM     trgtLen1     trgtLen2    tmpltLen1    tmpltLen2      aliLen1      aliLen2         t[0]         t[1]         t[2]      u[0][0]      u[0][1]      u[0][2]      u[1][0]      u[1][1]      u[1][2]      u[2][0]      u[2][1]      u[2][2]
#
i3A0B_0X0H_12    1.03048e-02  3.66031e-01  8.59284e-02  1.27660e-01  0.00000e+00  7.14286e-02  5.85038e-01  7.24958e-01  9.80115e-01  8.70793e-01  4.10000e+01  2.90000e+02  3.40000e+01  6.40000e+01  2.10000e+01  2.80000e+01  1.58089e+02  1.79010e+02  2.27055e+02  4.19683e-01  4.15939e-02  9.06717e-01  8.68069e-01 -3.10243e-01 -3.87563e-01  2.65182e-01  9.49747e-01 -1.66310e-01
i3A0B_0X0H_12    1.03048e-02  3.66031e-01  8.59284e-02  1.27660e-01  0.00000e+00  7.14286e-02  5.85038e-01  7.24958e-01  9.80115e-01  8.70793e-01  4.10000e+01  2.90000e+02  3.40000e+01  6.40000e+01  2.10000e+01  2.80000e+01  1.58089e+02  1.79010e+02  2.27055e+02  4.19683e-01  4.15939e-02  9.06717e-01  8.68069e-01 -3.10243e-01 -3.87563e-01  2.65182e-01  9.49747e-01 -1.66310e-01
i3A0B_0X0D_12    5.84645e-03  5.28059e-01  9.58658e-02  9.85915e-02  6.25000e-02  2.32558e-02  8.60680e-01  9.64741e-01  9.99992e-01  9.91472e-01  4.10000e+01  2.90000e+02  3.40000e+01  3.40000e+02  3.20000e+01  4.30000e+01  1.46820e+02  1.51405e+02  2.42949e+02  2.18191e-01  9.42797e-01  2.52044e-01  4.30933e-03 -2.59195e-01  9.65815e-01  9.75897e-01 -2.09646e-01 -6.06168e-02
i3A0B_0X0D_12    5.84645e-03  5.28059e-01  9.58658e-02  9.85915e-02  6.25000e-02  2.32558e-02  8.60680e-01  9.64741e-01  9.99992e-01  9.91472e-01  4.10000e+01  2.90000e+02  3.40000e+01  3.40000e+02  3.20000e+01  4.30000e+01  1.46820e+02  1.51405e+02  2.42949e+02  2.18191e-01  9.42797e-01  2.52044e-01  4.30933e-03 -2.59195e-01  9.65815e-01  9.75897e-01 -2.09646e-01 -6.06168e-02
i3A0B_0X0H_21    5.14078e-03  4.25659e-01  6.79019e-02  6.69773e-02  1.25000e-01  0.00000e+00  7.61082e-01  8.93286e-01  9.99525e-01  9.74732e-01  4.10000e+01  2.90000e+02  6.40000e+01  3.40000e+01  3.10000e+01  2.10000e+01  2.47690e+02  1.37251e+02  3.21767e+02 -9.85818e-01  1.47395e-01  8.02387e-02  1.43695e-01  9.88352e-01 -5.01191e-02 -8.66914e-02 -3.78784e-02 -9.95515e-01
i3A0B_0X0H_21    5.07841e-03  4.25659e-01  6.79019e-02  6.69773e-02  1.17647e-01  0.00000e+00  7.61082e-01  8.93286e-01  9.99525e-01  9.74732e-01  4.10000e+01  2.90000e+02  6.40000e+01  3.40000e+01  3.10000e+01  2.10000e+01  2.47690e+02  1.37251e+02  3.21767e+02 -9.85818e-01  1.47395e-01  8.02387e-02  1.43695e-01  9.88352e-01 -5.01191e-02 -8.66914e-02 -3.78784e-02 -9.95515e-01
i3A0B_0X0B_12    4.01306e-03  1.14628e-01  1.70227e-02  2.13523e-02  0.00000e+00  2.00000e-01  4.96562e-03  1.07650e-02  2.53122e-01  5.86521e-02  4.10000e+01  2.90000e+02  3.40000e+01  4.85000e+02  7.00000e+00  5.00000e+00  1.90498e+02  1.92038e+02  3.33784e+02  8.93406e-01 -3.87907e-01  2.26613e-01 -4.48834e-01 -7.92405e-01  4.13088e-01  1.93297e-02 -4.70767e-01 -8.82046e-01
i3A0B_0X0B_12    4.01306e-03  1.14628e-01  1.70227e-02  2.13523e-02  0.00000e+00  2.00000e-01  4.96562e-03  1.07650e-02  2.53122e-01  5.86521e-02  4.10000e+01  2.90000e+02  3.40000e+01  4.85000e+02  7.00000e+00  5.00000e+00  1.90498e+02  1.92038e+02  3.33784e+02  8.93406e-01 -3.87907e-01  2.26613e-01 -4.48834e-01 -7.92405e-01  4.13088e-01  1.93297e-02 -4.70767e-01 -8.82046e-01
i3A0B_0X0F_12    2.55891e-03  1.53927e-01  2.62277e-02  1.63191e-02  0.00000e+00  0.00000e+00  5.89584e-01  6.91715e-01  8.75395e-01  8.75482e-01  4.10000e+01  2.90000e+02  3.40000e+01  3.50000e+01  8.00000e+00  9.00000e+00  1.71230e+02  2.19288e+02  3.43175e+02 -1.17728e-01  9.69936e-01  2.12989e-01 -4.38168e-01  1.41736e-01 -8.87648e-01 -8.91150e-01 -1.97826e-01  4.08309e-01
i3A0B_0X0F_12    2.55891e-03  1.53927e-01  2.62277e-02  1.63191e-02  0.00000e+00  0.00000e+00  5.89584e-01  6.91715e-01  8.75395e-01  8.75482e-01  4.10000e+01  2.90000e+02  3.40000e+01  3.50000e+01  8.00000e+00  9.00000e+00  1.71230e+02  2.19288e+02  3.43175e+02 -1.17728e-01  9.69936e-01  2.12989e-01 -4.38168e-01  1.41736e-01 -8.87648e-01 -8.91150e-01 -1.97826e-01  4.08309e-01
i3A0B_0X0D_21    1.41104e-03  3.02880e-01  1.07636e-01  1.96108e-01  6.89655e-02  7.14286e-02  6.85537e-02  6.41201e-01  6.63461e-01  3.84365e-01  4.10000e+01  2.90000e+02  3.40000e+02  3.40000e+01  3.50000e+01  3.30000e+01  2.55333e+02  2.33514e+02  2.45614e+02 -6.97437e-01 -2.39305e-01  6.75510e-01 -4.54691e-02 -9.25925e-01 -3.74961e-01  7.15202e-01 -2.92227e-01  6.34894e-01
i3A0B_0X0D_21    1.41104e-03  3.02880e-01  1.07636e-01  1.96108e-01  6.89655e-02  7.14286e-02  6.85537e-02  6.41201e-01  6.63461e-01  3.84365e-01  4.10000e+01  2.90000e+02  3.40000e+02  3.40000e+01  3.50000e+01  3.30000e+01  2.55333e+02  2.33514e+02  2.45614e+02 -6.97437e-01 -2.39305e-01  6.75510e-01 -4.54691e-02 -9.25925e-01 -3.74961e-01  7.15202e-01 -2.92227e-01  6.34894e-01
i3A0B_0X0F_21    1.48738e-04  1.62009e-01  1.97789e-02  2.17391e-02  0.00000e+00  0.00000e+00  2.09189e-01  7.90001e-01  6.24401e-01  5.60638e-01  4.10000e+01  2.90000e+02  3.50000e+01  3.40000e+01  1.00000e+01  6.00000e+00  2.44434e+02  1.47804e+02  3.74722e+02 -8.33994e-01  4.01747e-01  3.78225e-01  2.32561e-01  8.77546e-01 -4.19318e-01 -5.00370e-01 -2.61748e-01 -8.25299e-01
i3A0B_0X0F_21    1.48738e-04  1.62009e-01  1.97789e-02  2.17391e-02  0.00000e+00  0.00000e+00  2.09189e-01  7.90001e-01  6.24401e-01  5.60638e-01  4.10000e+01  2.90000e+02  3.50000e+01  3.40000e+01  1.00000e+01  6.00000e+00  2.44434e+02  1.47804e+02  3.74722e+02 -8.33994e-01  4.01747e-01  3.78225e-01  2.32561e-01  8.77546e-01 -4.19318e-01 -5.00370e-01 -2.61748e-01 -8.25299e-01
i3A0B_0X0B_21    1.19078e-04  8.43798e-02  2.29663e-02  2.08333e-02  2.00000e-01  0.00000e+00  1.88243e-01  5.47840e-01  2.10242e-01  1.16478e-01  4.10000e+01  2.90000e+02  4.85000e+02  3.40000e+01  6.00000e+00  7.00000e+00  1.21844e+02  1.60767e+02  2.57746e+02  8.68237e-01  4.62834e-01  1.78741e-01  1.47923e-01 -5.85349e-01  7.97173e-01  4.73585e-01 -6.65696e-01 -5.76686e-01
i3A0B_0X0B_21    1.19078e-04  8.43798e-02  2.29663e-02  2.08333e-02  2.00000e-01  0.00000e+00  1.88243e-01  5.47840e-01  2.10242e-01  1.16478e-01  4.10000e+01  2.90000e+02  4.85000e+02  3.40000e+01  6.00000e+00  7.00000e+00  1.21844e+02  1.60767e+02  2.57746e+02  8.68237e-01  4.62834e-01  1.78741e-01  1.47923e-01 -5.85349e-01  7.97173e-01  4.73585e-01 -6.65696e-01 -5.76686e-01
# -----------------------------------------------------------------------------
#    Prefix for saving : /home/pozzati/TMdock_pipeline//results_Q15904-419-459_nsp6/homdock_Q15904-419-459_nsp6
#      Models to save: : 10
# -----------------------------------------------------------------------------
# Running time: 0.77 seconds
