# -----------------------------------------------------------------------------
# TMdock - docking by full/partial structure alignment                V20160511
# -----------------------------------------------------------------------------
#          Date / time : 2020:06:09 / 13:28:31
#             Receptor : /home/pozzati/target_h/Q9H4F8-119-317
#               Ligand : /home/pozzati/target_c/orf8.pdb
#       Templates list : /home/pozzati/TMdock_pipeline//templist
#        Templates dir : /home/pozzati/TMdock_pipeline//lib_Q9H4F8-119-317_orf8
#  Number of templates : 12
#       Alignment type : PSA
#            Fast mode : off
#    Benchmarking mode : off
# -----------------------------------------------------------------------------
#
# Label                Score    TM-score1    TM-score2    FSC-score      iSeqID1      iSeqID2        dSASA         d_av       AACE18        SolEM     trgtLen1     trgtLen2    tmpltLen1    tmpltLen2      aliLen1      aliLen2         t[0]         t[1]         t[2]      u[0][0]      u[0][1]      u[0][2]      u[1][0]      u[1][1]      u[1][2]      u[2][0]      u[2][1]      u[2][2]
#
i2DSQ_0H0C_12    6.24145e-03  2.00257e-01  1.69153e-01  1.99241e-01  2.66667e-01  9.09091e-02  6.31114e-01  5.47425e-01  3.32017e-01  7.19003e-01  1.99000e+02  1.21000e+02  5.80000e+01  5.10000e+01  4.50000e+01  3.30000e+01  1.82721e+02  1.92503e+02  2.26492e+02 -4.85344e-01  2.53430e-01 -8.36788e-01 -7.67110e-01  3.35777e-01  5.46623e-01  4.19505e-01  9.07208e-01  3.14412e-02
i2DSQ_0H0C_12    6.24145e-03  2.00257e-01  1.69153e-01  1.99241e-01  2.66667e-01  9.09091e-02  6.31114e-01  5.47425e-01  3.32017e-01  7.19003e-01  1.99000e+02  1.21000e+02  5.80000e+01  5.10000e+01  4.50000e+01  3.30000e+01  1.82721e+02  1.92503e+02  2.26492e+02 -4.85344e-01  2.53430e-01 -8.36788e-01 -7.67110e-01  3.35777e-01  5.46623e-01  4.19505e-01  9.07208e-01  3.14412e-02
i2DSR_0G0I_12    5.77299e-03  2.43018e-01  2.07865e-01  2.62087e-01  2.63158e-01  2.70270e-02  5.55698e-01  5.01082e-01  1.92154e-01  6.31491e-01  1.99000e+02  1.21000e+02  7.90000e+01  6.00000e+01  5.70000e+01  3.70000e+01  1.82721e+02  1.96256e+02  2.28727e+02 -5.55674e-01  1.79319e-01 -8.11832e-01 -7.90255e-01  1.89462e-01  5.82753e-01  2.58310e-01  9.65375e-01  3.64283e-02
i2DSR_0G0I_12    5.77299e-03  2.43018e-01  2.07865e-01  2.62087e-01  2.63158e-01  2.70270e-02  5.55698e-01  5.01082e-01  1.92154e-01  6.31491e-01  1.99000e+02  1.21000e+02  7.90000e+01  6.00000e+01  5.70000e+01  3.70000e+01  1.82721e+02  1.96256e+02  2.28727e+02 -5.55674e-01  1.79319e-01 -8.11832e-01 -7.90255e-01  1.89462e-01  5.82753e-01  2.58310e-01  9.65375e-01  3.64283e-02
i1ICF_0I0B_12    1.36961e-03  9.67800e-02  1.35546e-01  3.45821e-02  3.07692e-01  0.00000e+00  8.54302e-01  6.67126e-01  5.06148e-01  2.44596e-01  1.99000e+02  1.21000e+02  6.50000e+01  4.20000e+01  2.60000e+01  2.50000e+01  1.70994e+02  2.16537e+02  2.17470e+02 -1.29398e-01 -8.81016e-02  9.87671e-01 -9.90434e-01  5.96120e-02 -1.24443e-01 -4.79135e-02 -9.94326e-01 -9.49726e-02
i1ICF_0I0B_12    1.36961e-03  9.67800e-02  1.35546e-01  3.45821e-02  3.07692e-01  0.00000e+00  8.54302e-01  6.67126e-01  5.06148e-01  2.44596e-01  1.99000e+02  1.21000e+02  6.50000e+01  4.20000e+01  2.60000e+01  2.50000e+01  1.70994e+02  2.16537e+02  2.17470e+02 -1.29398e-01 -8.81016e-02  9.87671e-01 -9.90434e-01  5.96120e-02 -1.24443e-01 -4.79135e-02 -9.94326e-01 -9.49726e-02
i2DSQ_0H0C_21    1.29068e-03  8.33668e-02  1.84738e-01  7.50653e-02  5.88235e-02  8.33333e-02  9.92729e-01  7.07358e-01  2.94033e-01  7.60478e-01  1.99000e+02  1.21000e+02  5.10000e+01  5.80000e+01  3.70000e+01  4.20000e+01  1.83148e+02  1.81641e+02  2.10884e+02 -9.39489e-01  3.39907e-01 -4.27084e-02  3.19233e-01  9.13868e-01  2.50871e-01  1.24303e-01  2.22057e-01 -9.67078e-01
i2DSQ_0H0C_21    1.24664e-03  8.33668e-02  1.84738e-01  7.50653e-02  5.88235e-02  6.25000e-02  9.92729e-01  7.07358e-01  2.94033e-01  7.60478e-01  1.99000e+02  1.21000e+02  5.10000e+01  5.80000e+01  3.70000e+01  4.20000e+01  1.83148e+02  1.81641e+02  2.10884e+02 -9.39489e-01  3.39907e-01 -4.27084e-02  3.19233e-01  9.13868e-01  2.50871e-01  1.24303e-01  2.22057e-01 -9.67078e-01
i2DSR_0G0B_21    7.97907e-04  1.07808e-01  1.94418e-01  7.94393e-02  4.00000e-02  1.30435e-01  8.92789e-01  8.94069e-01  6.38123e-01  5.23347e-01  1.99000e+02  1.21000e+02  8.00000e+01  7.90000e+01  4.00000e+01  4.20000e+01  2.23918e+02  2.11518e+02  2.22758e+02 -1.43778e-02  3.81491e-01 -9.24261e-01 -1.46617e-01 -9.15169e-01 -3.75458e-01 -9.89089e-01  1.30114e-01  6.90913e-02
i2DSR_0G0B_21    7.97907e-04  1.07808e-01  1.94418e-01  7.94393e-02  4.00000e-02  1.30435e-01  8.92789e-01  8.94069e-01  6.38123e-01  5.23347e-01  1.99000e+02  1.21000e+02  8.00000e+01  7.90000e+01  4.00000e+01  4.20000e+01  2.23918e+02  2.11518e+02  2.22758e+02 -1.43778e-02  3.81491e-01 -9.24261e-01 -1.46617e-01 -9.15169e-01 -3.75458e-01 -9.89089e-01  1.30114e-01  6.90913e-02
i2DSQ_0H0A_21    5.60642e-04  5.51588e-02  9.44172e-02  6.83149e-03  0.00000e+00  0.00000e+00  9.83665e-01  5.95161e-01  8.10532e-02  7.55099e-01  1.99000e+02  1.21000e+02  9.10000e+01  5.80000e+01  1.50000e+01  2.40000e+01  1.84786e+02  1.95945e+02  2.23831e+02  5.95456e-01 -2.34407e-01  7.68430e-01  6.44496e-01  7.10424e-01 -2.82706e-01 -4.79643e-01  6.63589e-01  5.74101e-01
i2DSQ_0H0A_21    5.60642e-04  5.51588e-02  9.44172e-02  6.83149e-03  0.00000e+00  0.00000e+00  9.83665e-01  5.95161e-01  8.10532e-02  7.55099e-01  1.99000e+02  1.21000e+02  9.10000e+01  5.80000e+01  1.50000e+01  2.40000e+01  1.84786e+02  1.95945e+02  2.23831e+02  5.95456e-01 -2.34407e-01  7.68430e-01  6.44496e-01  7.10424e-01 -2.82706e-01 -4.79643e-01  6.63589e-01  5.74101e-01
i2DSR_0G0B_12    2.89069e-04  1.56917e-01  1.77749e-01  8.82129e-02  2.56410e-01  2.43902e-02  4.42883e-01  5.90791e-01  8.32588e-02  1.79905e-01  1.99000e+02  1.21000e+02  7.90000e+01  8.00000e+01  3.90000e+01  4.10000e+01  1.86236e+02  2.09235e+02  2.30655e+02  4.02209e-02 -4.92786e-01 -8.69221e-01 -2.80913e-01 -8.40414e-01  4.63456e-01 -9.58890e-01  2.25535e-01 -1.72232e-01
i2DSR_0G0B_12    2.89069e-04  1.56917e-01  1.77749e-01  8.82129e-02  2.56410e-01  2.43902e-02  4.42883e-01  5.90791e-01  8.32588e-02  1.79905e-01  1.99000e+02  1.21000e+02  7.90000e+01  8.00000e+01  3.90000e+01  4.10000e+01  1.86236e+02  2.09235e+02  2.30655e+02  4.02209e-02 -4.92786e-01 -8.69221e-01 -2.80913e-01 -8.40414e-01  4.63456e-01 -9.58890e-01  2.25535e-01 -1.72232e-01
i1ICF_0I0A_21    2.78275e-04  1.33265e-01  1.67628e-01  9.77237e-02  1.50000e-01  1.53846e-01  8.43257e-01  7.67903e-01  1.35321e-01  2.55895e-01  1.99000e+02  1.21000e+02  1.75000e+02  6.50000e+01  5.30000e+01  3.60000e+01  2.18291e+02  2.15408e+02  2.21717e+02 -1.52413e-01  2.31989e-01 -9.60704e-01 -6.72530e-01 -7.36638e-01 -7.11871e-02 -7.24205e-01  6.35252e-01  2.68293e-01
i1ICF_0I0A_21    2.39723e-04  1.33265e-01  1.67628e-01  9.77237e-02  6.06061e-02  1.53846e-01  8.43257e-01  7.67903e-01  1.35321e-01  2.55895e-01  1.99000e+02  1.21000e+02  1.75000e+02  6.50000e+01  5.30000e+01  3.60000e+01  2.18291e+02  2.15408e+02  2.21717e+02 -1.52413e-01  2.31989e-01 -9.60704e-01 -6.72530e-01 -7.36638e-01 -7.11871e-02 -7.24205e-01  6.35252e-01  2.68293e-01
i1ICF_0I0A_12    2.05258e-04  1.74256e-01  1.82711e-01  1.24438e-01  2.76596e-01  0.00000e+00  6.72868e-01  7.01521e-01  3.87379e-03  1.59985e-01  1.99000e+02  1.21000e+02  6.50000e+01  1.75000e+02  4.70000e+01  5.60000e+01  1.82363e+02  2.14134e+02  2.05111e+02  6.02312e-01  3.20673e-01  7.31019e-01 -7.91937e-01  1.25004e-01  5.97670e-01  1.00277e-01 -9.38905e-01  3.29245e-01
i1ICF_0I0A_12    2.05258e-04  1.74256e-01  1.82711e-01  1.24438e-01  2.76596e-01  0.00000e+00  6.72868e-01  7.01521e-01  3.87379e-03  1.59985e-01  1.99000e+02  1.21000e+02  6.50000e+01  1.75000e+02  4.70000e+01  5.60000e+01  1.82363e+02  2.14134e+02  2.05111e+02  6.02312e-01  3.20673e-01  7.31019e-01 -7.91937e-01  1.25004e-01  5.97670e-01  1.00277e-01 -9.38905e-01  3.29245e-01
i1ICF_0I0B_21    1.68646e-04  5.78445e-02  7.70218e-02  2.58193e-02  7.69231e-02  1.66667e-01  3.16195e-01  5.99718e-01  2.48691e-01  2.12913e-01  1.99000e+02  1.21000e+02  4.20000e+01  6.50000e+01  2.20000e+01  1.00000e+01  2.24655e+02  1.77603e+02  2.36650e+02 -9.64514e-01  2.64013e-01  3.24330e-03  8.90294e-02  3.13636e-01  9.45361e-01  2.48571e-01  9.12102e-01 -3.26011e-01
i1ICF_0I0B_21    1.68646e-04  5.78445e-02  7.70218e-02  2.58193e-02  7.69231e-02  1.66667e-01  3.16195e-01  5.99718e-01  2.48691e-01  2.12913e-01  1.99000e+02  1.21000e+02  4.20000e+01  6.50000e+01  2.20000e+01  1.00000e+01  2.24655e+02  1.77603e+02  2.36650e+02 -9.64514e-01  2.64013e-01  3.24330e-03  8.90294e-02  3.13636e-01  9.45361e-01  2.48571e-01  9.12102e-01 -3.26011e-01
i2DSR_0G0I_21    1.68326e-04  1.05367e-01  2.10682e-01  1.02105e-01  0.00000e+00  6.97674e-02  9.87073e-01  8.52931e-01  3.95123e-05  7.13569e-01  1.99000e+02  1.21000e+02  6.00000e+01  7.90000e+01  4.60000e+01  5.90000e+01  1.90374e+02  2.01197e+02  2.12143e+02  9.38952e-01 -1.03974e-01  3.27963e-01  3.43872e-01  3.14250e-01 -8.84873e-01 -1.10587e-02  9.43630e-01  3.30819e-01
i2DSR_0G0I_21    1.67881e-04  1.05367e-01  2.10682e-01  1.02105e-01  0.00000e+00  6.81818e-02  9.87073e-01  8.52931e-01  3.95123e-05  7.13569e-01  1.99000e+02  1.21000e+02  6.00000e+01  7.90000e+01  4.60000e+01  5.90000e+01  1.90374e+02  2.01197e+02  2.12143e+02  9.38952e-01 -1.03974e-01  3.27963e-01  3.43872e-01  3.14250e-01 -8.84873e-01 -1.10587e-02  9.43630e-01  3.30819e-01
i2DSQ_0H0A_12    6.58656e-05  1.01044e-01  5.52112e-02  8.29531e-03  1.66667e-01  5.88235e-02  8.72675e-01  8.75246e-01  1.81943e-02  6.98068e-01  1.99000e+02  1.21000e+02  5.80000e+01  9.10000e+01  2.40000e+01  1.70000e+01  1.92625e+02  1.97884e+02  2.24839e+02 -5.68218e-01  5.01778e-01  6.52186e-01  2.44308e-01 -6.53960e-01  7.15996e-01  7.85775e-01  5.66176e-01  2.49003e-01
i2DSQ_0H0A_12    6.58656e-05  1.01044e-01  5.52112e-02  8.29531e-03  1.66667e-01  5.88235e-02  8.72675e-01  8.75246e-01  1.81943e-02  6.98068e-01  1.99000e+02  1.21000e+02  5.80000e+01  9.10000e+01  2.40000e+01  1.70000e+01  1.92625e+02  1.97884e+02  2.24839e+02 -5.68218e-01  5.01778e-01  6.52186e-01  2.44308e-01 -6.53960e-01  7.15996e-01  7.85775e-01  5.66176e-01  2.49003e-01
# -----------------------------------------------------------------------------
#    Prefix for saving : /home/pozzati/TMdock_pipeline//results_Q9H4F8-119-317_orf8/homdock_Q9H4F8-119-317_orf8
#      Models to save: : 10
# -----------------------------------------------------------------------------
# Running time: 0.98 seconds
