# -----------------------------------------------------------------------------
# TMdock - docking by full/partial structure alignment                V20160511
# -----------------------------------------------------------------------------
#          Date / time : 2020:06:09 / 13:33:29
#             Receptor : /home/pozzati/target_h/Q13443-207-680
#               Ligand : /home/pozzati/target_c/orf8.pdb
#       Templates list : /home/pozzati/TMdock_pipeline//templist
#        Templates dir : /home/pozzati/TMdock_pipeline//lib_Q13443-207-680_orf8
#  Number of templates : 18
#       Alignment type : PSA
#            Fast mode : off
#    Benchmarking mode : off
# -----------------------------------------------------------------------------
#
# Label                Score    TM-score1    TM-score2    FSC-score      iSeqID1      iSeqID2        dSASA         d_av       AACE18        SolEM     trgtLen1     trgtLen2    tmpltLen1    tmpltLen2      aliLen1      aliLen2         t[0]         t[1]         t[2]      u[0][0]      u[0][1]      u[0][2]      u[1][0]      u[1][1]      u[1][2]      u[2][0]      u[2][1]      u[2][2]
#
i2E3X_0A0C_12    6.24092e-03  6.39122e-02  8.05809e-02  2.42630e-01  3.22581e-01  9.09091e-02  3.35637e-02  5.84855e-02  5.81239e-02  1.07849e-02  4.74000e+02  1.21000e+02  4.16000e+02  1.20000e+02  3.10000e+01  1.10000e+01  5.83389e+01  3.54593e+01  1.48544e+02  9.34215e-01  3.56700e-01  2.71691e-03  2.98052e-01 -7.76382e-01 -5.55334e-01 -1.95978e-01  5.19611e-01 -8.31623e-01
i2E3X_0A0C_12    6.24092e-03  6.39122e-02  8.05809e-02  2.42630e-01  3.22581e-01  9.09091e-02  3.35637e-02  5.84855e-02  5.81239e-02  1.07849e-02  4.74000e+02  1.21000e+02  4.16000e+02  1.20000e+02  3.10000e+01  1.10000e+01  5.83389e+01  3.54593e+01  1.48544e+02  9.34215e-01  3.56700e-01  2.71691e-03  2.98052e-01 -7.76382e-01 -5.55334e-01 -1.95978e-01  5.19611e-01 -8.31623e-01
i2E3X_0A0B_21    2.55988e-03  5.89411e-02  1.96723e-01  2.92720e-02  0.00000e+00  4.16667e-02  9.86483e-01  7.44498e-01  8.31652e-01  3.39761e-01  4.74000e+02  1.21000e+02  1.29000e+02  4.16000e+02  3.90000e+01  4.00000e+01  7.75787e+00  1.23529e+01  1.31125e+02 -2.38748e-01  8.93403e-01  3.80567e-01  6.25090e-01  4.41300e-01 -6.43829e-01 -7.43143e-01  8.41757e-02 -6.63817e-01
i2E3X_0A0B_21    2.55988e-03  5.89411e-02  1.96723e-01  2.92720e-02  0.00000e+00  4.16667e-02  9.86483e-01  7.44498e-01  8.31652e-01  3.39761e-01  4.74000e+02  1.21000e+02  1.29000e+02  4.16000e+02  3.90000e+01  4.00000e+01  7.75787e+00  1.23529e+01  1.31125e+02 -2.38748e-01  8.93403e-01  3.80567e-01  6.25090e-01  4.41300e-01 -6.43829e-01 -7.43143e-01  8.41757e-02 -6.63817e-01
i2E3X_0A0C_21    1.94081e-03  1.88422e-02  1.46000e-01  1.40800e-01  0.00000e+00  0.00000e+00  4.40794e-02  1.27550e-01  1.55276e-01  8.20337e-02  4.74000e+02  1.21000e+02  1.20000e+02  4.16000e+02  9.00000e+00  2.50000e+01  4.84371e+00  1.54722e+01  1.34033e+02 -9.43825e-01  7.48597e-02 -3.21855e-01  1.22800e-01  9.83707e-01 -1.31307e-01  3.06781e-01 -1.63454e-01 -9.37640e-01
i2E3X_0A0C_21    1.94081e-03  1.88422e-02  1.46000e-01  1.40800e-01  0.00000e+00  0.00000e+00  4.40794e-02  1.27550e-01  1.55276e-01  8.20337e-02  4.74000e+02  1.21000e+02  1.20000e+02  4.16000e+02  9.00000e+00  2.50000e+01  4.84371e+00  1.54722e+01  1.34033e+02 -9.43825e-01  7.48597e-02 -3.21855e-01  1.22800e-01  9.83707e-01 -1.31307e-01  3.06781e-01 -1.63454e-01 -9.37640e-01
i1ATL_0A0B_12    1.52340e-03  1.10129e-01  1.96198e-01  1.62003e-01  3.70370e-01  4.25532e-02  3.12210e-01  3.57333e-01  6.55344e-03  2.29479e-01  4.74000e+02  1.21000e+02  2.00000e+02  2.00000e+02  5.40000e+01  4.70000e+01  2.60827e+01 -1.56963e+01  9.86592e+01  5.52320e-01 -5.92373e-01  5.86546e-01 -6.42544e-01  1.45759e-01  7.52258e-01 -5.31112e-01 -7.92369e-01 -3.00120e-01
i1ATL_0A0B_12    1.52340e-03  1.10129e-01  1.96198e-01  1.62003e-01  3.70370e-01  4.25532e-02  3.12210e-01  3.57333e-01  6.55344e-03  2.29479e-01  4.74000e+02  1.21000e+02  2.00000e+02  2.00000e+02  5.40000e+01  4.70000e+01  2.60827e+01 -1.56963e+01  9.86592e+01  5.52320e-01 -5.92373e-01  5.86546e-01 -6.42544e-01  1.45759e-01  7.52258e-01 -5.31112e-01 -7.92369e-01 -3.00120e-01
i5L0Q_0A0C_12    1.43530e-03  6.69976e-02  1.88107e-01  3.10989e-02  2.85714e-01  1.36364e-01  9.98745e-01  1.09567e+00  9.92821e-01  8.55619e-01  4.74000e+02  1.21000e+02  2.03000e+02  2.13000e+02  4.20000e+01  4.40000e+01  1.16392e+01  2.48558e+01  1.17474e+02  6.54412e-02 -7.50883e-01  6.57186e-01 -8.69688e-01  2.79988e-01  4.06509e-01 -4.89245e-01 -5.98149e-01 -6.34711e-01
i5L0Q_0A0C_12    1.43530e-03  6.69976e-02  1.88107e-01  3.10989e-02  2.85714e-01  1.36364e-01  9.98745e-01  1.09567e+00  9.92821e-01  8.55619e-01  4.74000e+02  1.21000e+02  2.03000e+02  2.13000e+02  4.20000e+01  4.40000e+01  1.16392e+01  2.48558e+01  1.17474e+02  6.54412e-02 -7.50883e-01  6.57186e-01 -8.69688e-01  2.79988e-01  4.06509e-01 -4.89245e-01 -5.98149e-01 -6.34711e-01
i2ERO_0A0B_21    7.44656e-04  1.51474e-01  2.23246e-01  2.07371e-01  2.97297e-01  6.15385e-02  5.55493e-01  6.94857e-01  2.54204e-01  1.83764e-01  4.74000e+02  1.21000e+02  4.26000e+02  4.26000e+02  7.40000e+01  6.70000e+01  2.49646e+01  3.50688e+01  7.42006e+01  1.35707e-01  8.06738e-01 -5.75115e-01 -6.41217e-01 -3.70996e-01 -6.71716e-01 -7.55264e-01  4.59930e-01  4.66947e-01
i2ERO_0A0B_21    7.44656e-04  1.51474e-01  2.23246e-01  2.07371e-01  2.97297e-01  6.15385e-02  5.55493e-01  6.94857e-01  2.54204e-01  1.83764e-01  4.74000e+02  1.21000e+02  4.26000e+02  4.26000e+02  7.40000e+01  6.70000e+01  2.49646e+01  3.50688e+01  7.42006e+01  1.35707e-01  8.06738e-01 -5.75115e-01 -6.41217e-01 -3.70996e-01 -6.71716e-01 -7.55264e-01  4.59930e-01  4.66947e-01
i5L0Q_0A0C_21    7.35512e-04  5.73059e-02  1.72322e-01  7.22591e-02  5.00000e-01  0.00000e+00  7.87130e-01  6.67982e-01  1.93265e-01  3.68186e-01  4.74000e+02  1.21000e+02  2.13000e+02  2.03000e+02  4.20000e+01  4.10000e+01  3.44346e+01 -8.90295e+00  1.21533e+02  1.20704e-01 -9.52588e-01 -2.79296e-01 -9.03378e-01 -2.22039e-01  3.66889e-01 -4.11508e-01  2.08025e-01 -8.87348e-01
i5L0Q_0A0C_21    7.35512e-04  5.73059e-02  1.72322e-01  7.22591e-02  5.00000e-01  0.00000e+00  7.87130e-01  6.67982e-01  1.93265e-01  3.68186e-01  4.74000e+02  1.21000e+02  2.13000e+02  2.03000e+02  4.20000e+01  4.10000e+01  3.44346e+01 -8.90295e+00  1.21533e+02  1.20704e-01 -9.52588e-01 -2.79296e-01 -9.03378e-01 -2.22039e-01  3.66889e-01 -4.11508e-01  2.08025e-01 -8.87348e-01
i3C05_0C0D_21    4.26216e-04  6.53674e-02  1.20828e-01  6.71567e-02  4.66667e-01  3.57143e-02  9.02279e-01  8.15901e-01  2.87970e-01  3.81102e-01  4.74000e+02  1.21000e+02  5.60000e+01  5.80000e+01  3.20000e+01  2.90000e+01  7.11198e-01 -8.39431e+00  8.93534e+01 -1.93928e-01 -4.43409e-01  8.75089e-01  8.17254e-01  4.20418e-01  3.94137e-01 -5.42667e-01  7.91604e-01  2.80847e-01
i3C05_0C0D_21    4.26216e-04  6.53674e-02  1.20828e-01  6.71567e-02  4.66667e-01  3.57143e-02  9.02279e-01  8.15901e-01  2.87970e-01  3.81102e-01  4.74000e+02  1.21000e+02  5.60000e+01  5.80000e+01  3.20000e+01  2.90000e+01  7.11198e-01 -8.39431e+00  8.93534e+01 -1.93928e-01 -4.43409e-01  8.75089e-01  8.17254e-01  4.20418e-01  3.94137e-01 -5.42667e-01  7.91604e-01  2.80847e-01
i1TEJ_0B0A_21    3.46841e-04  5.18853e-02  1.10590e-01  8.25688e-02  3.33333e-01  5.55556e-02  8.75597e-01  7.28255e-01  1.23570e-01  3.72797e-01  4.74000e+02  1.21000e+02  6.20000e+01  6.30000e+01  2.60000e+01  1.90000e+01 -6.33710e+00  5.20174e-01  8.29970e+01  6.91423e-01 -2.13659e-01  6.90133e-01 -1.99444e-01  8.61694e-01  4.66590e-01 -6.94374e-01 -4.60254e-01  5.53182e-01
i1TEJ_0B0A_21    3.46841e-04  5.18853e-02  1.10590e-01  8.25688e-02  3.33333e-01  5.55556e-02  8.75597e-01  7.28255e-01  1.23570e-01  3.72797e-01  4.74000e+02  1.21000e+02  6.20000e+01  6.30000e+01  2.60000e+01  1.90000e+01 -6.33710e+00  5.20174e-01  8.29970e+01  6.91423e-01 -2.13659e-01  6.90133e-01 -1.99444e-01  8.61694e-01  4.66590e-01 -6.94374e-01 -4.60254e-01  5.53182e-01
i5L0Q_0A0B_12    2.74139e-04  4.73031e-02  1.96333e-01  1.14833e-02  1.07143e-01  6.81818e-02  9.99390e-01  1.26919e+00  9.99981e-01  9.18545e-01  4.74000e+02  1.21000e+02  2.03000e+02  2.12000e+02  2.80000e+01  4.40000e+01  3.97680e+01  9.89831e+00  1.08409e+02 -4.47874e-01 -3.63583e-01 -8.16833e-01 -8.59214e-01  4.27719e-01  2.80729e-01  2.47307e-01  8.27565e-01 -5.03959e-01
i5L0Q_0A0B_12    2.74139e-04  4.73031e-02  1.96333e-01  1.14833e-02  1.07143e-01  6.81818e-02  9.99390e-01  1.26919e+00  9.99981e-01  9.18545e-01  4.74000e+02  1.21000e+02  2.03000e+02  2.12000e+02  2.80000e+01  4.40000e+01  3.97680e+01  9.89831e+00  1.08409e+02 -4.47874e-01 -3.63583e-01 -8.16833e-01 -8.59214e-01  4.27719e-01  2.80729e-01  2.47307e-01  8.27565e-01 -5.03959e-01
i2E3X_0A0B_12    2.49071e-04  1.06981e-01  1.63646e-01  1.43832e-01  2.92308e-01  4.76190e-02  7.07795e-01  7.46238e-01  1.00380e-01  2.19839e-01  4.74000e+02  1.21000e+02  4.16000e+02  1.29000e+02  6.50000e+01  4.20000e+01  6.39840e+01  4.85268e+01  1.11218e+02 -6.45279e-01 -6.80118e-01 -3.47930e-01 -1.57399e-02  4.67176e-01 -8.84024e-01  7.63785e-01 -5.64965e-01 -3.12164e-01
i2E3X_0A0B_12    2.49071e-04  1.06981e-01  1.63646e-01  1.43832e-01  2.92308e-01  4.76190e-02  7.07795e-01  7.46238e-01  1.00380e-01  2.19839e-01  4.74000e+02  1.21000e+02  4.16000e+02  1.29000e+02  6.50000e+01  4.20000e+01  6.39840e+01  4.85268e+01  1.11218e+02 -6.45279e-01 -6.80118e-01 -3.47930e-01 -1.57399e-02  4.67176e-01 -8.84024e-01  7.63785e-01 -5.64965e-01 -3.12164e-01
i5L0Q_0A0B_21    2.47067e-04  6.39384e-02  8.99480e-02  6.95518e-02  0.00000e+00  0.00000e+00  3.85717e-02  3.77185e-01  1.80873e-01  8.51445e-02  4.74000e+02  1.21000e+02  2.12000e+02  2.03000e+02  4.70000e+01  3.20000e+01  6.29641e+01  3.61019e+01  1.27610e+02  8.57284e-01  1.87361e-01  4.79542e-01  4.58696e-01 -7.00935e-01 -5.46157e-01  2.33799e-01  6.88176e-01 -6.86842e-01
i5L0Q_0A0B_21    2.47067e-04  6.39384e-02  8.99480e-02  6.95518e-02  0.00000e+00  0.00000e+00  3.85717e-02  3.77185e-01  1.80873e-01  8.51445e-02  4.74000e+02  1.21000e+02  2.12000e+02  2.03000e+02  4.70000e+01  3.20000e+01  6.29641e+01  3.61019e+01  1.27610e+02  8.57284e-01  1.87361e-01  4.79542e-01  4.58696e-01 -7.00935e-01 -5.46157e-01  2.33799e-01  6.88176e-01 -6.86842e-01
i2ERO_0A0B_12    2.36219e-04  1.55920e-01  2.20806e-01  1.61390e-01  2.89474e-01  1.44928e-02  6.05823e-01  1.02621e+00  6.42589e-01  1.89598e-01  4.74000e+02  1.21000e+02  4.26000e+02  4.26000e+02  7.60000e+01  6.90000e+01  2.75683e+01  3.27330e+01  7.36727e+01  3.09115e-01  2.51360e-01 -9.17206e-01 -9.31940e-01 -1.12180e-01 -3.44823e-01 -1.89566e-01  9.61371e-01  1.99576e-01
i2ERO_0A0B_12    2.36219e-04  1.55920e-01  2.20806e-01  1.61390e-01  2.89474e-01  1.44928e-02  6.05823e-01  1.02621e+00  6.42589e-01  1.89598e-01  4.74000e+02  1.21000e+02  4.26000e+02  4.26000e+02  7.60000e+01  6.90000e+01  2.75683e+01  3.27330e+01  7.36727e+01  3.09115e-01  2.51360e-01 -9.17206e-01 -9.31940e-01 -1.12180e-01 -3.44823e-01 -1.89566e-01  9.61371e-01  1.99576e-01
i1YP1_0A0B_12    1.11313e-04  1.42158e-01  2.47891e-02  5.29606e-02  4.42857e-01  0.00000e+00  7.44322e-01  1.01697e+00  4.10973e-01  5.52000e-01  4.74000e+02  1.21000e+02  1.99000e+02  3.00000e+00  7.00000e+01  3.00000e+00  4.52240e+01  3.11028e+01  8.58989e+01 -5.55621e-01  4.81346e-01 -6.77932e-01  8.03617e-01  1.01752e-01 -5.86384e-01 -2.13273e-01 -8.70605e-01 -4.43353e-01
i1YP1_0A0B_12    1.11313e-04  1.42158e-01  2.47891e-02  5.29606e-02  4.42857e-01  0.00000e+00  7.44322e-01  1.01697e+00  4.10973e-01  5.52000e-01  4.74000e+02  1.21000e+02  1.99000e+02  3.00000e+00  7.00000e+01  3.00000e+00  4.52240e+01  3.11028e+01  8.58989e+01 -5.55621e-01  4.81346e-01 -6.77932e-01  8.03617e-01  1.01752e-01 -5.86384e-01 -2.13273e-01 -8.70605e-01 -4.43353e-01
i1YP1_0A0B_21    7.70388e-05  6.32877e-03  2.26153e-01  1.04706e-01  0.00000e+00  2.50000e-02  1.83223e-01  8.07914e-01  4.80145e-01  1.56427e-01  4.74000e+02  1.21000e+02  3.00000e+00  1.99000e+02  3.00000e+00  5.50000e+01  2.11986e+01 -2.18494e+01  1.43128e+02 -1.16827e-01 -6.70164e-01 -7.32961e-01  3.52857e-01 -7.17872e-01  6.00126e-01 -9.28355e-01 -1.88520e-01  3.20339e-01
i1YP1_0A0B_21    7.38914e-05  6.32877e-03  2.26153e-01  1.04706e-01  0.00000e+00  0.00000e+00  1.83223e-01  8.07914e-01  4.80145e-01  1.56427e-01  4.74000e+02  1.21000e+02  3.00000e+00  1.99000e+02  3.00000e+00  5.50000e+01  2.11986e+01 -2.18494e+01  1.43128e+02 -1.16827e-01 -6.70164e-01 -7.32961e-01  3.52857e-01 -7.17872e-01  6.00126e-01 -9.28355e-01 -1.88520e-01  3.20339e-01
i1TEJ_0B0A_12    3.88402e-05  4.64750e-02  1.17352e-01  9.30030e-02  2.50000e-01  9.09091e-02  6.96050e-01  1.06689e+00  2.26007e-01  5.94425e-01  4.74000e+02  1.21000e+02  6.30000e+01  6.20000e+01  2.40000e+01  2.20000e+01  1.10968e+01 -1.42948e+01  1.04376e+02 -7.52908e-01 -2.92764e-01 -5.89423e-01 -1.35614e-01  9.45403e-01 -2.96349e-01  6.44002e-01 -1.43189e-01 -7.51504e-01
i1TEJ_0B0A_12    3.88402e-05  4.64750e-02  1.17352e-01  9.30030e-02  2.50000e-01  9.09091e-02  6.96050e-01  1.06689e+00  2.26007e-01  5.94425e-01  4.74000e+02  1.21000e+02  6.30000e+01  6.20000e+01  2.40000e+01  2.20000e+01  1.10968e+01 -1.42948e+01  1.04376e+02 -7.52908e-01 -2.92764e-01 -5.89423e-01 -1.35614e-01  9.45403e-01 -2.96349e-01  6.44002e-01 -1.43189e-01 -7.51504e-01
i3C05_0C0D_12    2.54798e-05  6.39019e-02  1.26868e-01  1.00424e-01  4.83871e-01  7.40741e-02  6.81384e-01  1.05209e+00  0.00000e+00  4.83440e-01  4.74000e+02  1.21000e+02  5.80000e+01  5.60000e+01  3.10000e+01  2.70000e+01 -1.36021e+01 -1.91941e+00  1.01528e+02  4.29449e-01 -7.93663e-01  4.30898e-01 -5.77609e-01 -6.08172e-01 -5.44513e-01  6.94220e-01 -1.50502e-02 -7.19605e-01
i3C05_0C0D_12    2.54798e-05  6.39019e-02  1.26868e-01  1.00424e-01  4.83871e-01  7.40741e-02  6.81384e-01  1.05209e+00  0.00000e+00  4.83440e-01  4.74000e+02  1.21000e+02  5.80000e+01  5.60000e+01  3.10000e+01  2.70000e+01 -1.36021e+01 -1.91941e+00  1.01528e+02  4.29449e-01 -7.93663e-01  4.30898e-01 -5.77609e-01 -6.08172e-01 -5.44513e-01  6.94220e-01 -1.50502e-02 -7.19605e-01
# -----------------------------------------------------------------------------
#    Prefix for saving : /home/pozzati/TMdock_pipeline//results_Q13443-207-680_orf8/homdock_Q13443-207-680_orf8
#      Models to save: : 10
# -----------------------------------------------------------------------------
# Running time: 1.85 seconds
