# -----------------------------------------------------------------------------
# TMdock - docking by full/partial structure alignment                V20160511
# -----------------------------------------------------------------------------
#          Date / time : 2020:06:09 / 12:56:09
#             Receptor : /home/pozzati/target_h/Q3KQU3-602-640
#               Ligand : /home/pozzati/target_c/orf10.pdb
#       Templates list : /home/pozzati/TMdock_pipeline//templist
#        Templates dir : /home/pozzati/TMdock_pipeline//lib_Q3KQU3-602-640_orf10
#  Number of templates : 16
#       Alignment type : PSA
#            Fast mode : off
#    Benchmarking mode : off
# -----------------------------------------------------------------------------
#
# Label                Score    TM-score1    TM-score2    FSC-score      iSeqID1      iSeqID2        dSASA         d_av       AACE18        SolEM     trgtLen1     trgtLen2    tmpltLen1    tmpltLen2      aliLen1      aliLen2         t[0]         t[1]         t[2]      u[0][0]      u[0][1]      u[0][2]      u[1][0]      u[1][1]      u[1][2]      u[2][0]      u[2][1]      u[2][2]
#
i1KIL_0E0B_21    1.17238e-01  7.24581e-01  3.70989e-01  3.91837e-01  0.00000e+00  9.09091e-02  6.21482e-04  0.00000e+00  1.64439e-01  1.12097e-02  3.90000e+01  3.80000e+01  5.90000e+01  4.10000e+01  3.30000e+01  2.20000e+01  3.48619e+02  3.14345e+02  2.14611e+02  3.00696e-01 -2.69224e-01 -9.14932e-01 -1.73224e-02  9.57630e-01 -2.87481e-01  9.53563e-01  1.02293e-01  2.83292e-01
i1KIL_0E0B_21    1.17238e-01  7.24581e-01  3.70989e-01  3.91837e-01  0.00000e+00  9.09091e-02  6.21482e-04  0.00000e+00  1.64439e-01  1.12097e-02  3.90000e+01  3.80000e+01  5.90000e+01  4.10000e+01  3.30000e+01  2.20000e+01  3.48619e+02  3.14345e+02  2.14611e+02  3.00696e-01 -2.69224e-01 -9.14932e-01 -1.73224e-02  9.57630e-01 -2.87481e-01  9.53563e-01  1.02293e-01  2.83292e-01
i4GDO_0C0D_21    5.37648e-02  9.03130e-01  3.83945e-01  4.38944e-01  1.11111e-01  2.77778e-02  7.75768e-02  2.51336e-01  1.60719e-01  3.19938e-02  3.90000e+01  3.80000e+01  4.10000e+01  3.80000e+01  3.80000e+01  3.60000e+01  3.29351e+02  3.12748e+02  3.16592e+02  7.49185e-01  6.60187e-01  5.36178e-02 -4.53159e-03  8.60564e-02 -9.96280e-01 -6.62345e-01  7.46155e-01  6.74639e-02
i4GDO_0C0D_21    5.37648e-02  9.03130e-01  3.83945e-01  4.38944e-01  1.11111e-01  2.77778e-02  7.75768e-02  2.51336e-01  1.60719e-01  3.19938e-02  3.90000e+01  3.80000e+01  4.10000e+01  3.80000e+01  3.80000e+01  3.60000e+01  3.29351e+02  3.12748e+02  3.16592e+02  7.49185e-01  6.60187e-01  5.36178e-02 -4.53159e-03  8.60564e-02 -9.96280e-01 -6.62345e-01  7.46155e-01  6.74639e-02
i4GDO_0C0D_12    4.46757e-02  8.20695e-01  3.86492e-01  4.45993e-01  1.38889e-01  3.22581e-02  5.86023e-02  2.76329e-01  1.98479e-01  1.77704e-02  3.90000e+01  3.80000e+01  3.80000e+01  4.10000e+01  3.60000e+01  3.10000e+01  3.32892e+02  3.40423e+02  2.73077e+02  8.24131e-01  1.43006e-02 -5.66219e-01 -5.30865e-01  3.68017e-01 -7.63378e-01  1.97461e-01  9.29709e-01  3.10886e-01
i4GDO_0C0D_12    4.46757e-02  8.20695e-01  3.86492e-01  4.45993e-01  1.38889e-01  3.22581e-02  5.86023e-02  2.76329e-01  1.98479e-01  1.77704e-02  3.90000e+01  3.80000e+01  3.80000e+01  4.10000e+01  3.60000e+01  3.10000e+01  3.32892e+02  3.40423e+02  2.73077e+02  8.24131e-01  1.43006e-02 -5.66219e-01 -5.30865e-01  3.68017e-01 -7.63378e-01  1.97461e-01  9.29709e-01  3.10886e-01
i1KIL_0E0A_21    4.44181e-02  7.47269e-01  3.82807e-01  3.59408e-01  1.15385e-01  3.44828e-02  1.25143e-02  1.70269e-01  1.89384e-01  3.04604e-02  3.90000e+01  3.80000e+01  6.50000e+01  4.10000e+01  3.90000e+01  3.10000e+01  3.97549e+02  2.67677e+02  2.35859e+02 -4.25197e-01  1.38521e-01 -8.94438e-01  4.52102e-01  8.88610e-01 -7.73007e-02  7.84099e-01 -4.37245e-01 -4.40460e-01
i1KIL_0E0A_21    4.31185e-02  7.47269e-01  3.82807e-01  3.59408e-01  9.67742e-02  3.44828e-02  1.25143e-02  1.70269e-01  1.89384e-01  3.04604e-02  3.90000e+01  3.80000e+01  6.50000e+01  4.10000e+01  3.90000e+01  3.10000e+01  3.97549e+02  2.67677e+02  2.35859e+02 -4.25197e-01  1.38521e-01 -8.94438e-01  4.52102e-01  8.88610e-01 -7.73007e-02  7.84099e-01 -4.37245e-01 -4.40460e-01
i5B66_0Y0J_12    2.90367e-02  4.77688e-01  3.68977e-01  3.11765e-01  0.00000e+00  7.40741e-02  1.43653e-02  1.08827e-01  2.30268e-01  7.06523e-03  3.90000e+01  3.80000e+01  2.90000e+01  3.60000e+01  2.50000e+01  2.70000e+01  3.07633e+02  2.98384e+02  2.81950e+02  9.81736e-01  2.51213e-02  1.88583e-01  1.89230e-01 -2.64936e-02 -9.81575e-01 -1.96622e-02  9.99333e-01 -3.07634e-02
i5B66_0Y0J_12    2.90367e-02  4.77688e-01  3.68977e-01  3.11765e-01  0.00000e+00  7.40741e-02  1.43653e-02  1.08827e-01  2.30268e-01  7.06523e-03  3.90000e+01  3.80000e+01  2.90000e+01  3.60000e+01  2.50000e+01  2.70000e+01  3.07633e+02  2.98384e+02  2.81950e+02  9.81736e-01  2.51213e-02  1.88583e-01  1.89230e-01 -2.64936e-02 -9.81575e-01 -1.96622e-02  9.99333e-01 -3.07634e-02
i1KIL_0E0B_12    2.03808e-02  5.67848e-01  3.71175e-01  2.22772e-01  1.20000e-01  6.45161e-02  3.99589e-02  1.71781e-01  2.37412e-01  4.29163e-02  3.90000e+01  3.80000e+01  4.10000e+01  5.90000e+01  2.50000e+01  3.10000e+01  4.05941e+02  2.79941e+02  2.54512e+02 -4.94762e-01  5.98538e-01 -6.30050e-01  7.26183e-01  6.82995e-01  7.85832e-02  4.77356e-01 -4.18652e-01 -7.72568e-01
i1KIL_0E0B_12    2.03808e-02  5.67848e-01  3.71175e-01  2.22772e-01  1.20000e-01  6.45161e-02  3.99589e-02  1.71781e-01  2.37412e-01  4.29163e-02  3.90000e+01  3.80000e+01  4.10000e+01  5.90000e+01  2.50000e+01  3.10000e+01  4.05941e+02  2.79941e+02  2.54512e+02 -4.94762e-01  5.98538e-01 -6.30050e-01  7.26183e-01  6.82995e-01  7.85832e-02  4.77356e-01 -4.18652e-01 -7.72568e-01
i5B66_0Y0Z_12    2.03368e-02  4.62319e-01  3.62204e-01  4.64497e-01  3.84615e-02  9.52381e-02  1.26993e-02  2.07047e-01  9.92538e-02  8.34942e-03  3.90000e+01  3.80000e+01  2.90000e+01  6.20000e+01  2.60000e+01  2.10000e+01  3.75678e+02  2.63859e+02  3.32020e+02 -5.32783e-01 -8.19240e-01 -2.12101e-01 -5.28934e-02 -2.17908e-01  9.74535e-01 -8.44597e-01  5.30435e-01  7.27654e-02
i5B66_0Y0Z_12    2.03368e-02  4.62319e-01  3.62204e-01  4.64497e-01  3.84615e-02  9.52381e-02  1.26993e-02  2.07047e-01  9.92538e-02  8.34942e-03  3.90000e+01  3.80000e+01  2.90000e+01  6.20000e+01  2.60000e+01  2.10000e+01  3.75678e+02  2.63859e+02  3.32020e+02 -5.32783e-01 -8.19240e-01 -2.12101e-01 -5.28934e-02 -2.17908e-01  9.74535e-01 -8.44597e-01  5.30435e-01  7.27654e-02
i5B66_0Y0J_21    1.69743e-02  5.94997e-01  3.53729e-01  2.98193e-01  0.00000e+00  4.00000e-02  3.79514e-02  1.69819e-01  1.33991e-01  6.02720e-02  3.90000e+01  3.80000e+01  3.60000e+01  2.90000e+01  2.70000e+01  2.50000e+01  3.51976e+02  2.86045e+02  2.13914e+02 -1.15983e-01 -1.60766e-01 -9.80154e-01  1.89872e-01  9.65027e-01 -1.80753e-01  9.74934e-01 -2.07068e-01 -8.14019e-02
i5B66_0Y0J_21    1.69743e-02  5.94997e-01  3.53729e-01  2.98193e-01  0.00000e+00  4.00000e-02  3.79514e-02  1.69819e-01  1.33991e-01  6.02720e-02  3.90000e+01  3.80000e+01  3.60000e+01  2.90000e+01  2.70000e+01  2.50000e+01  3.51976e+02  2.86045e+02  2.13914e+02 -1.15983e-01 -1.60766e-01 -9.80154e-01  1.89872e-01  9.65027e-01 -1.80753e-01  9.74934e-01 -2.07068e-01 -8.14019e-02
i1KIL_0E0A_12    1.66354e-02  8.44712e-01  3.81875e-01  3.11637e-01  1.28205e-01  0.00000e+00  8.14874e-02  3.17991e-01  1.36988e-01  1.24029e-01  3.90000e+01  3.80000e+01  4.10000e+01  6.50000e+01  3.90000e+01  3.20000e+01  3.27810e+02  3.32914e+02  2.45968e+02  4.95421e-01 -4.59266e-01 -7.37315e-01 -5.27925e-01  5.14866e-01 -6.75431e-01  6.89821e-01  7.23870e-01  1.26175e-02
i1KIL_0E0A_12    1.66354e-02  8.44712e-01  3.81875e-01  3.11637e-01  1.28205e-01  0.00000e+00  8.14874e-02  3.17991e-01  1.36988e-01  1.24029e-01  3.90000e+01  3.80000e+01  4.10000e+01  6.50000e+01  3.90000e+01  3.20000e+01  3.27810e+02  3.32914e+02  2.45968e+02  4.95421e-01 -4.59266e-01 -7.37315e-01 -5.27925e-01  5.14866e-01 -6.75431e-01  6.89821e-01  7.23870e-01  1.26175e-02
i5B66_0Y0C_12    8.84921e-03  2.64187e-01  1.95811e-01  1.51899e-01  6.66667e-02  0.00000e+00  6.79434e-07  0.00000e+00  1.51477e-01  9.45395e-03  3.90000e+01  3.80000e+01  2.90000e+01  4.51000e+02  1.50000e+01  2.00000e+01  4.01695e+02  2.51714e+02  2.59561e+02 -9.46476e-01  2.74292e-01  1.70140e-01 -1.91365e-01 -9.01337e-01  3.88549e-01  2.59929e-01  3.35194e-01  9.05584e-01
i5B66_0Y0C_12    8.84921e-03  2.64187e-01  1.95811e-01  1.51899e-01  6.66667e-02  0.00000e+00  6.79434e-07  0.00000e+00  1.51477e-01  9.45395e-03  3.90000e+01  3.80000e+01  2.90000e+01  4.51000e+02  1.50000e+01  2.00000e+01  4.01695e+02  2.51714e+02  2.59561e+02 -9.46476e-01  2.74292e-01  1.70140e-01 -1.91365e-01 -9.01337e-01  3.88549e-01  2.59929e-01  3.35194e-01  9.05584e-01
i5B66_0Y0C_21    6.79809e-03  2.07968e-01  1.91304e-01  9.56522e-02  1.53846e-01  0.00000e+00  1.57578e-10  0.00000e+00  1.53377e-01  5.97083e-03  3.90000e+01  3.80000e+01  4.51000e+02  2.90000e+01  1.80000e+01  1.90000e+01  3.95106e+02  2.79668e+02  2.14156e+02 -7.02260e-01  4.95983e-01  5.10716e-01 -5.15200e-01 -8.49152e-01  1.16231e-01  4.91324e-01 -1.81497e-01  8.51856e-01
i5B66_0Y0C_21    6.67539e-03  2.07968e-01  1.91304e-01  9.56522e-02  1.42857e-01  0.00000e+00  1.57578e-10  0.00000e+00  1.53377e-01  5.97083e-03  3.90000e+01  3.80000e+01  4.51000e+02  2.90000e+01  1.80000e+01  1.90000e+01  3.95106e+02  2.79668e+02  2.14156e+02 -7.02260e-01  4.95983e-01  5.10716e-01 -5.15200e-01 -8.49152e-01  1.16231e-01  4.91324e-01 -1.81497e-01  8.51856e-01
i1KIL_0E0D_21    4.74611e-03  4.45864e-01  2.94943e-01  2.26562e-01  0.00000e+00  0.00000e+00  9.00460e-03  1.81141e-01  7.78791e-02  1.95794e-02  3.90000e+01  3.80000e+01  6.60000e+01  4.10000e+01  2.10000e+01  2.40000e+01  3.67761e+02  3.20434e+02  2.42618e+02 -9.54282e-02 -1.12367e-01 -9.89074e-01 -4.65816e-02  9.93024e-01 -1.08321e-01  9.94346e-01  3.57357e-02 -9.99968e-02
i1KIL_0E0D_21    4.74611e-03  4.45864e-01  2.94943e-01  2.26562e-01  0.00000e+00  0.00000e+00  9.00460e-03  1.81141e-01  7.78791e-02  1.95794e-02  3.90000e+01  3.80000e+01  6.60000e+01  4.10000e+01  2.10000e+01  2.40000e+01  3.67761e+02  3.20434e+02  2.42618e+02 -9.54282e-02 -1.12367e-01 -9.89074e-01 -4.65816e-02  9.93024e-01 -1.08321e-01  9.94346e-01  3.57357e-02 -9.99968e-02
i5B66_0Y0Z_21    2.01752e-03  4.06027e-01  3.62067e-01  4.21384e-01  0.00000e+00  1.00000e-01  1.34270e-01  5.82522e-01  2.16627e-01  2.98796e-02  3.90000e+01  3.80000e+01  6.20000e+01  2.90000e+01  2.50000e+01  2.60000e+01  3.98133e+02  2.73527e+02  3.04644e+02 -6.12986e-01 -3.44205e-01 -7.11176e-01 -1.34714e-01 -8.41403e-01  5.23348e-01 -7.78525e-01  4.16610e-01  4.69399e-01
i5B66_0Y0Z_21    2.01752e-03  4.06027e-01  3.62067e-01  4.21384e-01  0.00000e+00  1.00000e-01  1.34270e-01  5.82522e-01  2.16627e-01  2.98796e-02  3.90000e+01  3.80000e+01  6.20000e+01  2.90000e+01  2.50000e+01  2.60000e+01  3.98133e+02  2.73527e+02  3.04644e+02 -6.12986e-01 -3.44205e-01 -7.11176e-01 -1.34714e-01 -8.41403e-01  5.23348e-01 -7.78525e-01  4.16610e-01  4.69399e-01
i5B66_0Y0K_12    1.47347e-03  5.05827e-01  3.32443e-01  3.96959e-01  0.00000e+00  7.40741e-02  2.30664e-01  6.58498e-01  1.92672e-01  1.02605e-01  3.90000e+01  3.80000e+01  2.90000e+01  3.70000e+01  2.70000e+01  2.70000e+01  3.25432e+02  2.76677e+02  2.99638e+02  6.95763e-01 -6.89093e-01 -2.02643e-01 -2.10200e-01 -4.65116e-01  8.59932e-01 -6.86826e-01 -5.55714e-01 -4.68458e-01
i5B66_0Y0K_12    1.47347e-03  5.05827e-01  3.32443e-01  3.96959e-01  0.00000e+00  7.40741e-02  2.30664e-01  6.58498e-01  1.92672e-01  1.02605e-01  3.90000e+01  3.80000e+01  2.90000e+01  3.70000e+01  2.70000e+01  2.70000e+01  3.25432e+02  2.76677e+02  2.99638e+02  6.95763e-01 -6.89093e-01 -2.02643e-01 -2.10200e-01 -4.65116e-01  8.59932e-01 -6.86826e-01 -5.55714e-01 -4.68458e-01
i5B66_0Y0K_21    8.82173e-04  4.31045e-01  3.62955e-01  3.16640e-01  3.57143e-02  8.33333e-02  2.56185e-01  5.96707e-01  3.72747e-02  7.62264e-02  3.90000e+01  3.80000e+01  3.70000e+01  2.90000e+01  3.30000e+01  2.60000e+01  3.99606e+02  2.70781e+02  2.77569e+02 -9.69237e-01 -1.46084e-01 -1.98088e-01  1.45311e-01 -9.89213e-01  1.85139e-02 -1.98656e-01 -1.08401e-02  9.80009e-01
i5B66_0Y0K_21    8.78678e-04  4.31045e-01  3.62955e-01  3.16640e-01  3.33333e-02  8.33333e-02  2.56185e-01  5.96707e-01  3.72747e-02  7.62264e-02  3.90000e+01  3.80000e+01  3.70000e+01  2.90000e+01  3.30000e+01  2.60000e+01  3.99606e+02  2.70781e+02  2.77569e+02 -9.69237e-01 -1.46084e-01 -1.98088e-01  1.45311e-01 -9.89213e-01  1.85139e-02 -1.98656e-01 -1.08401e-02  9.80009e-01
i1KIL_0E0D_12    5.92478e-04  4.00541e-01  3.32056e-01  1.75953e-01  1.90476e-01  9.52381e-02  4.17454e-02  5.53860e-01  1.50734e-01  2.93026e-02  3.90000e+01  3.80000e+01  4.10000e+01  6.60000e+01  2.10000e+01  2.10000e+01  3.50087e+02  3.09114e+02  2.42941e+02  5.18587e-01 -9.26526e-02 -8.49990e-01 -4.56663e-01  8.10434e-01 -3.66955e-01  7.22860e-01  5.78457e-01  3.77969e-01
i1KIL_0E0D_12    5.92478e-04  4.00541e-01  3.32056e-01  1.75953e-01  1.90476e-01  9.52381e-02  4.17454e-02  5.53860e-01  1.50734e-01  2.93026e-02  3.90000e+01  3.80000e+01  4.10000e+01  6.60000e+01  2.10000e+01  2.10000e+01  3.50087e+02  3.09114e+02  2.42941e+02  5.18587e-01 -9.26526e-02 -8.49990e-01 -4.56663e-01  8.10434e-01 -3.66955e-01  7.22860e-01  5.78457e-01  3.77969e-01
# -----------------------------------------------------------------------------
#    Prefix for saving : /home/pozzati/TMdock_pipeline//results_Q3KQU3-602-640_orf10/homdock_Q3KQU3-602-640_orf10
#      Models to save: : 10
# -----------------------------------------------------------------------------
# Running time: 0.37 seconds
